date,open,close,high,low,volume
2020-01-02,41.42,41.79,43.25,41.21,411235.67
2020-01-03,41.94,40.95,42.02,40.77,288642.12
2020-01-06,40.45,39.93,40.85,39.73,343560.81
2020-01-07,39.78,40.05,40.54,39.78,234783.33
2020-01-08,39.69,39.46,39.98,39.39,232324.76
2020-01-09,39.99,39.8,40.07,39.44,227889.22
2020-01-10,39.78,40.02,40.13,39.17,250684.54
2020-01-13,39.69,39.48,39.69,38.72,329826.04
2020-01-14,39.47,39.63,40.07,39.3,231021.35
2020-01-15,39.77,39.31,39.85,39.06,173969.16
2020-01-16,39.15,38.74,39.39,38.65,247125.67
2020-01-17,39.09,39.04,39.43,38.81,169279.71
2020-01-20,39.04,39.44,39.84,39.02,262802.39
2020-01-21,38.95,37.54,38.96,37.51,407513.29
2020-01-22,37.16,37.48,37.8,36.93,398542.44
2020-01-23,37.37,35.95,37.45,35.61,435078.35
2020-02-03,32.36,33.58,33.93,32.36,759402.24
2020-02-04,33.91,35.51,36.17,33.91,485622.46
2020-02-05,35.5,35.34,36.06,35.13,389190.0
2020-02-06,35.59,35.92,36.2,35.06,287557.49
2020-02-07,35.72,36.18,36.29,35.53,240379.98
2020-02-10,35.8,38.4,38.57,35.61,467882.18
2020-02-11,38.11,38.65,39.02,37.9,402005.6
2020-02-12,38.05,38.8,38.82,37.9,291408.12
2020-02-13,38.95,39.36,39.67,38.59,375031.14
2020-02-14,38.95,39.56,39.69,38.95,245350.07
2020-02-17,39.56,40.01,40.09,39.23,299015.92
2020-02-18,39.7,38.8,39.9,38.47,444420.94
2020-02-19,38.58,39.11,39.67,38.21,263622.45
2020-02-20,39.3,39.28,39.44,38.58,261779.95
2020-02-21,38.95,39.14,39.58,38.71,285898.93
2020-02-24,39.11,39.71,40.85,38.89,449581.27
2020-02-25,38.83,38.91,39.42,38.23,347297.71
2020-02-26,38.19,39.91,40.63,38.02,646775.28
2020-02-27,39.96,41.69,42.28,39.96,641172.26
2020-02-28,40.62,41.09,42.6,40.44,579805.71
2020-03-02,41.4,45.17,45.2,41.4,1038583.8
2020-03-03,46.53,44.19,46.53,43.6,904551.08
2020-03-04,43.57,44.37,45.07,43.44,475634.62
2020-03-05,44.51,44.23,44.79,43.87,381522.9
2020-03-06,43.79,42.84,43.89,42.8,424614.89
2020-03-09,42.02,41.72,42.41,41.3,434522.87
2020-03-10,41.72,43.12,43.6,41.41,428332.64
2020-03-11,43.09,42.05,43.1,41.98,250891.85
2020-03-12,41.23,41.33,41.72,40.36,344925.45
2020-03-13,39.32,40.53,41.48,38.85,383386.57
2020-03-16,40.84,38.72,41.29,38.5,373127.03
2020-03-17,39.31,38.2,39.81,36.85,460405.22
2020-03-18,38.68,38.5,40.13,38.45,479708.75
2020-03-19,38.31,37.51,39.14,35.71,577585.46
2020-03-20,38.09,39.6,39.75,37.33,513267.88
2020-03-23,37.82,38.74,39.69,37.81,449885.49
2020-03-24,39.79,40.93,40.93,39.37,459185.37
2020-03-25,42.32,41.46,42.83,40.98,435034.43
2020-03-26,40.68,40.69,42.11,40.62,239763.92
2020-03-27,41.19,41.81,42.32,40.65,363291.5
2020-03-30,41.17,41.82,42.45,40.84,350201.7
2020-03-31,42.23,41.27,42.32,41.12,240438.48
2020-04-01,41.04,41.04,41.99,40.91,218995.28
2020-04-02,40.51,40.98,41.03,40.05,228366.74
2020-04-03,40.59,40.91,41.5,40.59,175899.34
2020-04-07,41.85,43.29,43.86,41.84,619427.29
2020-04-08,42.7,43.14,43.67,42.51,259897.52
2020-04-09,43.34,43.4,43.88,42.91,225523.94
2020-04-10,43.74,43.35,44.11,42.84,225325.75
2020-04-13,43.21,44.41,44.95,42.92,276192.73
2020-04-14,44.11,44.68,44.7,43.93,232273.51
2020-04-15,44.46,43.29,44.46,43.15,290853.76
2020-04-16,42.85,42.9,43.24,42.6,182844.41
2020-04-17,43.25,43.6,44.47,42.96,304110.81
2020-04-20,44.17,44.61,45.09,44.15,302183.5
2020-04-21,44.19,44.3,44.82,43.48,210538.94
2020-04-22,43.96,44.58,44.63,43.7,168428.66
2020-04-23,44.68,43.38,44.82,43.38,238006.49
2020-04-24,43.38,43.47,43.66,42.91,182484.39
2020-04-27,43.89,43.75,44.46,43.63,194675.45
2020-04-28,44.17,43.99,44.2,43.15,195412.88
2020-04-29,44.0,44.94,45.54,43.99,254410.59
2020-04-30,45.12,44.91,45.2,44.49,208353.34
2020-05-06,44.41,44.63,44.88,43.95,365270.55
2020-05-07,44.71,45.61,45.64,44.71,295346.39
2020-05-08,45.69,45.57,45.93,45.19,214376.48
2020-05-11,45.84,46.4,47.09,45.82,323164.4
2020-05-12,46.43,46.0,46.61,45.35,223242.74
2020-05-13,45.92,45.83,45.99,45.17,193179.1
2020-05-14,45.67,44.32,45.81,44.2,356954.94
2020-05-15,44.35,44.08,44.56,43.57,225941.74
2020-05-18,44.6,44.48,44.92,44.24,212293.73
2020-05-19,45.01,44.49,45.3,44.32,180260.14
2020-05-20,44.49,43.89,44.61,43.64,240773.92
2020-05-21,44.02,43.84,44.17,43.14,214275.64
2020-05-22,43.51,42.68,43.64,42.58,252397.89
2020-05-25,42.62,42.47,42.67,41.85,204289.4
2020-05-26,42.89,43.0,43.41,42.69,197861.11
2020-05-27,43.09,42.65,43.35,42.6,162420.28
2020-05-28,42.66,43.08,43.44,42.54,173181.56
2020-05-29,42.66,42.54,42.97,42.14,235801.79
2020-06-01,43.01,43.7,43.8,42.67,331502.94
2020-06-02,43.46,43.18,43.6,42.85,235159.51
2020-06-03,43.35,43.12,43.71,43.06,200452.6
2020-06-04,43.4,42.41,43.4,42.24,252031.34
2020-06-05,42.39,42.05,42.41,41.33,352892.13
2020-06-08,42.17,41.95,42.54,41.58,270686.7
2020-06-09,41.87,42.36,42.67,41.81,245197.53
2020-06-10,42.59,43.3,43.42,42.34,358089.2
2020-06-11,43.3,42.51,43.3,41.96,345896.96
2020-06-12,41.87,41.94,42.4,41.7,276971.12
2020-06-15,41.78,41.64,42.35,41.34,223828.01
2020-06-16,42.23,41.96,42.24,41.6,287823.46
2020-06-17,41.93,41.98,42.28,41.49,326953.28
2020-06-18,41.98,42.35,42.41,41.4,242094.11
2020-06-19,42.33,42.41,42.58,41.78,342990.8
2020-06-22,42.52,41.99,42.52,41.81,263611.6
2020-06-23,41.82,41.47,41.83,41.31,302228.71
2020-06-24,41.62,42.02,42.36,41.6,273062.92
2020-06-29,41.5,40.98,41.84,40.79,389805.84
2020-06-30,41.15,41.09,41.4,40.84,255345.63
2020-07-01,41.3,43.02,43.14,41.09,568806.14
2020-07-02,43.36,43.95,44.02,43.23,551828.71
2020-07-03,43.96,44.09,44.92,43.55,442532.51
2020-07-06,44.45,45.37,45.67,44.45,514552.03
2020-07-07,45.82,45.05,47.07,45.05,532265.67
2020-07-08,45.59,45.01,45.82,44.35,425199.7
2020-07-09,45.01,46.01,46.17,44.35,690684.88
2020-07-10,45.69,44.41,45.69,44.27,533542.44
2020-07-13,44.27,45.41,45.96,44.13,584349.19
2020-07-14,45.57,45.5,46.51,44.82,524208.13
2020-07-15,45.78,44.54,46.09,44.35,401341.65
2020-07-16,44.66,43.2,45.67,43.07,607147.1
2020-07-17,43.49,44.26,44.68,43.28,396276.85
2020-07-20,45.05,48.69,48.69,45.05,1305345.83
2020-07-21,48.69,47.31,48.92,46.46,863577.04
2020-07-22,47.13,47.35,47.66,46.52,495632.22
2020-07-23,46.66,47.41,47.76,45.91,437532.84
2020-07-24,46.96,45.71,47.33,45.2,443699.05
2020-07-27,46.3,46.41,47.3,45.93,362054.35
2020-07-28,46.74,46.52,47.34,46.17,284117.71
2020-07-29,46.29,47.13,47.22,45.86,319148.23
2020-07-30,48.14,47.73,49.36,47.52,552903.11
2020-07-31,47.38,47.7,48.69,47.31,354782.08
2020-08-03,48.59,48.32,49.32,48.17,366043.99
2020-08-04,48.77,48.69,49.16,48.3,299485.93
2020-08-05,48.62,48.06,48.69,47.65,270243.39
2020-08-06,48.23,47.6,48.83,47.21,296099.25
2020-08-07,47.76,47.76,47.85,46.84,250806.19
2020-08-10,48.7,47.84,49.31,47.38,285800.67
2020-08-11,48.14,47.03,48.21,46.99,220547.57
2020-08-12,47.03,45.88,47.21,45.05,315561.8
2020-08-13,45.98,45.85,46.44,45.54,180098.94
2020-08-14,45.85,46.17,46.2,45.34,194154.76
2020-08-17,46.18,47.45,47.46,45.82,310491.75
2020-08-18,47.45,47.48,47.68,47.0,180162.08
2020-08-19,47.49,47.1,48.07,47.05,189390.84
2020-08-20,47.0,46.01,47.0,45.82,200946.36
2020-08-21,46.5,46.1,46.6,45.82,126967.36
2020-08-24,47.21,47.83,48.15,47.1,396398.03
2020-08-25,48.54,47.59,48.61,47.12,239600.64
2020-08-26,47.64,47.3,48.23,47.1,224369.18
2020-08-27,47.59,47.09,47.69,46.61,179370.49
2020-08-28,47.1,48.23,48.31,46.86,313399.49
2020-08-31,48.83,47.31,49.07,47.3,299099.34
2020-09-01,47.14,46.83,47.17,46.41,286579.46
2020-09-02,46.95,46.37,46.98,46.05,244329.38
2020-09-03,46.39,46.27,46.85,46.06,239031.4
2020-09-04,45.8,46.17,46.21,45.57,166763.26
2020-09-07,46.13,45.26,46.51,45.08,210312.05
2020-09-08,45.43,45.71,45.81,44.82,190927.95
2020-09-09,45.07,44.81,45.34,44.42,194871.28
2020-09-10,45.28,44.93,45.81,44.82,193481.09
2020-09-11,45.08,45.05,45.2,44.42,139108.39
2020-09-14,45.24,45.97,46.09,45.24,217860.64
2020-09-15,45.88,45.97,46.16,45.37,143525.98
2020-09-16,46.02,46.01,46.31,45.67,135036.76
2020-09-17,45.97,45.47,46.05,45.19,138328.75
2020-09-18,45.69,46.62,46.72,45.4,251793.98
2020-09-21,46.97,46.41,47.21,46.13,159505.42
2020-09-22,46.06,45.61,46.21,45.44,145064.08
2020-09-23,45.78,45.2,45.78,45.05,126479.97
2020-09-24,44.97,44.44,45.05,44.37,156209.5
2020-09-25,44.42,44.04,44.7,43.9,144127.01
2020-09-28,44.19,43.71,44.6,43.62,139372.71
2020-09-29,43.81,43.38,44.07,43.31,183886.79
2020-09-30,43.66,42.92,43.87,42.48,245883.31
2020-10-09,43.56,43.2,43.59,42.55,324520.02
2020-10-12,43.17,44.18,44.26,43.14,289118.84
2020-10-13,44.18,43.84,44.18,43.73,217940.32
2020-10-14,43.83,43.18,43.84,42.73,290062.44
2020-10-15,43.19,43.23,43.48,42.73,202869.82
2020-10-16,43.06,42.77,43.7,42.6,270763.81
2020-10-19,42.86,42.0,43.17,41.96,273777.52
2020-10-20,42.05,42.19,42.25,41.7,200887.49
2020-10-21,42.34,41.99,42.46,41.71,175463.0
2020-10-22,41.88,41.35,41.94,41.22,197529.9
2020-10-23,41.35,41.32,41.63,41.16,174983.35
2020-10-26,41.32,40.36,41.32,40.15,261819.78
2020-10-27,40.39,40.89,41.1,40.08,256625.71
2020-10-28,40.54,40.39,40.7,39.61,364852.97
2020-10-29,39.61,40.42,40.81,39.53,276359.45
2020-10-30,40.42,39.49,40.46,39.38,279723.12
2020-11-02,39.48,39.66,40.04,39.31,225632.83
2020-11-03,39.81,40.11,40.3,39.53,282866.82
2020-11-04,40.34,42.36,42.62,40.23,647493.87
2020-11-05,42.95,42.41,43.1,42.09,375398.84
2020-11-06,42.41,42.51,43.03,41.86,351197.95
2020-11-09,42.83,42.97,43.24,42.51,376503.46
2020-11-10,42.98,41.94,43.18,41.75,346244.1
2020-11-11,42.02,43.47,43.79,41.75,551426.38
2020-11-12,43.25,43.37,43.85,42.72,326949.17
2020-11-13,43.1,42.7,43.22,42.37,220355.91
2020-11-16,43.03,44.08,44.17,42.87,417530.81
2020-11-17,44.11,44.86,45.57,43.69,557391.45
2020-11-18,44.84,44.66,45.12,44.14,252468.51
2020-11-19,44.37,44.11,44.62,43.83,230460.6
2020-11-20,44.18,43.65,44.18,43.49,205251.99
2020-11-23,43.67,44.24,44.81,43.28,317033.31
2020-11-24,44.19,44.38,44.66,43.66,223865.24
2020-11-25,44.35,43.15,44.71,42.94,261124.67
2020-11-26,43.1,42.72,43.34,42.41,186113.43
2020-11-27,42.79,43.1,43.25,42.6,161482.89
2020-11-30,43.18,43.88,44.02,43.11,357447.58
2020-12-01,43.52,43.71,43.84,43.3,217938.31
2020-12-02,43.65,43.54,43.87,43.34,171667.28
2020-12-03,43.55,43.08,43.63,42.82,208717.63
2020-12-04,43.06,43.39,43.39,42.63,163764.92
2020-12-07,43.28,42.12,43.29,42.02,318315.64
2020-12-08,42.12,41.5,42.47,41.49,218193.4
2020-12-09,41.5,41.11,41.8,41.06,189627.58
2020-12-10,41.02,41.09,41.31,40.81,160073.81
2020-12-11,41.09,40.74,41.4,40.45,181333.37
2020-12-14,40.74,40.4,40.9,40.06,198771.93
2020-12-15,40.4,41.29,41.43,40.14,203598.3
2020-12-16,40.77,40.93,41.07,40.62,166183.62
2020-12-17,40.81,41.09,41.28,40.3,200263.2
2020-12-18,41.09,41.29,41.72,40.97,195177.92
2020-12-21,40.85,41.0,41.22,40.62,191532.16
2020-12-22,41.0,40.02,41.09,40.0,323720.96
2020-12-23,40.0,39.8,40.15,39.52,213999.44
2020-12-24,39.8,39.9,40.48,39.6,167766.97
2020-12-25,39.91,39.72,39.93,39.52,155636.97
2020-12-28,39.73,38.98,39.76,38.85,358333.89
2020-12-29,39.22,39.98,40.36,38.89,275318.91
2020-12-30,39.76,39.87,39.91,39.32,194819.25
2020-12-31,39.92,40.09,40.64,39.7,268144.5
2021-01-04,40.15,40.6,40.72,39.85,319004.34
2021-01-05,40.58,40.24,40.63,39.62,419837.5
2021-01-06,40.25,43.4,44.19,40.25,1117728.03
2021-01-07,42.73,42.66,42.76,41.58,688642.93
2021-01-08,42.87,43.84,44.02,42.84,661142.48
2021-01-11,44.74,43.89,45.17,43.54,659446.93
2021-01-12,43.9,44.22,44.35,43.03,430731.45
2021-01-13,44.22,44.5,45.73,43.81,540634.26
2021-01-14,44.27,43.64,44.48,43.28,405238.83
2021-01-15,43.34,43.17,43.63,42.73,325523.83
2021-01-18,42.73,42.86,42.94,42.07,366632.68
2021-01-19,42.97,42.77,43.11,41.94,399264.95
2021-01-20,42.72,41.94,42.72,41.86,312267.87
2021-01-21,41.94,41.36,42.09,41.17,463116.74
2021-01-22,41.4,40.61,41.45,40.47,375905.52
2021-01-25,40.43,41.2,41.61,39.85,588578.53
2021-01-26,40.62,40.33,41.01,39.92,479037.9
2021-01-27,40.37,40.15,41.0,40.04,359099.59
2021-01-28,39.77,39.46,39.91,39.24,389442.3
2021-01-29,39.6,39.18,39.77,38.83,413192.83
2021-02-01,39.22,39.22,39.3,38.83,309051.88
2021-02-02,39.34,38.83,39.36,38.45,599684.97
2021-02-03,38.83,38.59,39.04,38.21,332486.7
2021-02-04,38.52,38.06,38.52,37.35,433654.22
2021-02-05,38.03,38.98,39.43,37.68,424281.43
2021-02-08,38.98,39.78,39.96,38.79,360449.09
2021-02-09,39.91,39.7,39.92,39.24,325535.79
2021-02-10,39.69,40.3,40.45,39.36,337458.76
2021-02-18,41.02,40.35,41.78,40.0,464651.86
2021-02-19,40.46,42.45,42.61,40.15,790499.76
2021-02-22,42.83,42.26,43.65,42.25,797980.68
2021-02-23,41.63,40.78,42.19,40.68,523715.97
2021-02-24,41.16,41.31,42.05,40.9,431309.0
2021-02-25,41.78,42.37,42.61,41.01,499160.2
2021-02-26,41.42,41.43,42.13,41.17,317032.51
2021-03-01,41.43,41.27,41.85,40.87,292812.09
2021-03-02,41.19,41.51,42.28,40.94,388770.01
2021-03-03,41.55,42.16,42.25,41.17,355940.09
2021-03-04,41.81,41.38,42.15,41.17,300601.82
2021-03-05,41.01,39.77,41.1,39.74,449171.95
2021-03-08,40.42,39.69,41.06,39.65,365628.62
2021-03-09,39.84,39.24,40.29,38.76,356429.82
2021-03-10,39.53,39.62,39.81,39.11,205242.43
2021-03-11,40.23,41.3,41.69,40.22,582710.78
2021-03-12,41.59,42.27,42.63,41.17,615708.94
2021-03-15,41.99,41.82,42.62,41.42,388374.5
2021-03-16,41.86,41.94,42.05,41.23,234478.4
2021-03-17,41.98,41.22,42.0,40.92,254613.15
2021-03-18,41.28,41.13,41.67,40.94,215436.06
2021-03-19,40.77,40.05,40.78,40.0,273677.86
2021-03-22,40.05,40.37,40.39,39.6,196321.77
2021-03-23,40.59,40.14,41.55,39.91,370383.45
2021-03-24,39.81,39.4,40.17,39.32,276164.89
2021-03-25,39.43,39.53,39.76,39.08,233523.13
2021-03-26,39.81,39.87,40.04,39.38,285534.58
2021-03-29,40.17,40.14,40.7,40.06,351298.79
2021-03-30,40.15,40.08,40.33,39.95,282090.31
2021-03-31,40.15,39.78,40.21,39.54,177896.12
2021-04-01,39.92,39.94,39.94,39.61,166551.79
2021-04-02,39.94,39.87,40.0,39.7,172093.83
2021-04-06,39.89,39.69,39.99,39.65,183972.49
2021-04-07,39.53,40.1,40.12,38.99,313009.22
2021-04-08,39.92,39.75,39.93,39.53,179380.03
2021-04-09,39.75,39.35,39.75,39.21,161925.63
2021-04-12,39.35,39.01,39.41,39.0,170703.24
2021-04-13,39.01,38.84,39.17,38.72,169984.08
2021-04-14,39.03,39.1,39.19,38.88,110788.49
2021-04-15,39.08,38.8,39.08,38.6,133258.09
2021-04-16,38.82,39.14,39.22,38.8,111562.21
2021-04-19,39.14,39.44,39.46,38.91,187754.01
2021-04-20,39.53,39.22,39.54,39.2,158002.27
2021-04-21,39.15,38.99,39.15,38.76,148975.03
2021-04-22,38.95,38.93,39.12,38.83,125408.87
2021-04-23,38.93,38.87,39.04,38.8,173026.12
2021-04-26,38.86,38.5,39.07,38.45,244061.39
2021-04-27,38.43,37.96,38.44,37.9,218925.21
2021-04-28,38.07,38.41,38.77,38.06,156713.87
2021-04-29,38.45,38.63,38.68,38.16,146780.5
2021-04-30,38.45,38.08,38.61,38.02,177898.52
2021-05-06,38.1,38.35,38.64,38.1,162311.18
2021-05-07,38.35,39.02,39.3,38.35,307022.64
2021-05-10,39.15,38.92,39.56,38.52,234741.99
2021-05-11,38.77,38.39,38.77,37.9,200149.52
2021-05-12,38.21,38.29,38.55,38.14,119077.58
2021-05-13,38.18,38.06,38.29,37.98,150388.4
2021-05-14,38.06,38.7,38.75,38.06,204656.08
2021-05-17,38.73,39.08,39.46,38.73,236731.09
2021-05-18,39.1,38.75,39.13,38.6,134141.82
2021-05-19,38.75,38.45,38.75,38.25,137473.9
2021-05-20,38.43,38.35,38.45,38.1,146272.44
2021-05-21,38.4,38.15,38.59,38.14,147084.69
2021-05-24,38.18,38.07,38.18,37.96,143010.9
2021-05-25,38.07,38.58,38.62,37.96,244799.36
2021-05-26,38.59,38.59,38.8,38.43,181902.86
2021-05-27,38.62,38.47,38.82,38.42,228506.29
2021-05-28,38.56,38.1,38.68,38.06,277593.41
2021-05-31,38.21,38.08,38.21,37.9,247762.9
2021-06-01,38.07,37.86,38.07,37.71,218076.65
2021-06-02,37.86,37.55,37.86,37.51,216772.18
2021-06-03,37.51,37.6,37.74,37.46,173619.52
2021-06-04,37.6,37.5,37.86,37.4,196088.98
2021-06-07,37.5,37.71,37.82,37.28,216147.5
2021-06-08,37.59,38.0,38.0,37.51,219570.11
2021-06-09,38.21,37.9,38.24,37.87,179840.91
2021-06-10,37.92,37.61,38.14,37.61,195718.81
2021-06-11,37.79,37.35,37.81,37.34,188151.24
2021-06-15,37.36,36.64,37.5,36.55,241068.13
2021-06-16,36.67,36.57,36.82,36.17,240188.19
2021-06-17,36.52,35.7,36.53,35.66,265206.7
2021-06-18,35.7,34.8,35.71,34.62,322271.53
2021-06-21,34.48,33.28,34.48,33.2,478100.74
2021-06-22,33.26,33.66,34.13,33.22,259465.53
2021-06-23,33.68,34.06,34.27,33.67,183734.16
2021-06-24,34.16,33.74,34.23,33.52,145463.3
2021-06-25,33.87,34.22,34.33,33.75,170341.17
2021-06-28,34.24,34.26,34.61,33.93,161244.14
2021-06-29,34.32,33.45,34.32,33.45,173169.54
2021-06-30,33.44,33.39,33.78,33.18,165543.27
2021-07-01,33.35,33.87,34.11,32.87,279918.47
2021-07-02,33.35,32.8,33.41,32.7,234522.28
2021-07-05,32.8,32.68,32.98,32.45,172108.24
2021-07-06,32.68,33.05,33.13,32.61,163998.05
2021-07-07,32.9,32.94,33.11,32.62,141925.16
2021-07-08,32.93,32.15,32.94,32.13,256540.83
2021-07-09,31.95,31.9,32.39,31.67,187158.62
2021-07-12,32.23,31.88,32.49,31.85,169233.51
2021-07-13,31.88,31.89,32.11,31.65,167099.56
2021-07-14,31.87,31.15,31.88,31.07,267858.24
2021-07-15,31.11,31.82,31.92,30.95,230236.02
2021-07-16,31.7,31.43,31.71,31.33,147596.84
2021-07-19,31.4,30.95,31.4,30.61,239617.61
2021-07-20,30.82,31.16,31.21,30.7,132689.66
2021-07-21,31.46,31.41,32.13,31.26,251729.69
2021-07-22,31.41,32.01,32.31,30.99,302564.53
2021-07-23,32.04,31.55,32.26,31.51,212498.57
2021-07-26,31.5,30.16,31.5,30.01,336264.08
2021-07-27,30.17,28.89,30.4,28.86,328831.91
2021-07-28,28.87,28.96,29.36,28.61,226381.12
2021-07-29,29.25,28.71,29.37,28.47,254158.63
2021-07-30,28.7,28.79,29.12,28.18,221206.76
2021-08-02,28.79,31.61,31.67,28.16,736305.5
2021-08-03,31.56,31.87,32.43,30.97,595305.28
2021-08-04,31.8,32.04,32.23,31.48,364715.81
2021-08-05,31.95,32.61,32.93,31.6,411030.35
2021-08-06,32.6,31.95,32.61,31.64,247329.72
2021-08-09,31.8,33.69,34.64,31.64,645936.63
2021-08-10,33.7,33.8,33.83,32.78,409556.0
2021-08-11,33.79,33.37,34.12,33.26,274014.67
2021-08-12,33.26,33.25,33.74,32.87,244576.72
2021-08-13,33.25,33.47,33.83,32.95,213207.37
2021-08-16,33.83,33.7,34.55,33.63,299027.35
2021-08-17,33.71,34.05,34.81,33.71,455760.16
2021-08-18,34.05,34.62,34.67,33.35,298562.56
2021-08-19,34.56,33.55,34.57,33.53,270613.02
2021-08-20,33.47,34.28,34.84,32.96,396458.81
2021-08-23,34.27,33.85,34.27,33.51,261958.02
2021-08-24,33.87,33.18,34.11,33.17,258019.7
2021-08-25,33.51,32.94,33.59,32.84,193699.01
2021-08-26,32.86,32.08,32.86,32.08,240644.45
2021-08-27,32.22,31.98,32.52,31.88,174060.01
2021-08-30,31.44,30.41,31.45,30.1,410357.21
2021-08-31,30.65,32.5,32.92,30.65,534163.85
2021-09-01,32.78,35.1,35.61,32.54,913540.05
2021-09-02,35.38,35.25,35.62,34.78,485529.91
2021-09-03,34.93,35.53,35.94,34.32,477447.46
2021-09-06,36.31,37.17,37.66,36.04,725911.07
2021-09-07,37.17,36.82,37.27,36.35,370544.09
2021-09-08,36.72,36.25,36.82,35.87,367724.45
2021-09-09,36.19,37.39,37.56,35.96,465620.09
2021-09-10,37.81,38.62,40.18,37.81,812356.38
2021-09-13,39.04,40.16,40.35,38.71,833539.19
2021-09-14,40.36,39.45,40.5,39.12,518658.61
2021-09-15,39.45,37.19,39.53,36.84,563947.02
2021-09-16,37.75,37.58,38.71,37.11,524818.81
2021-09-17,38.62,37.92,38.62,36.7,339344.96
2021-09-22,37.95,37.92,38.63,37.74,264949.53
2021-09-23,38.32,38.75,39.81,38.32,421094.05
2021-09-24,38.42,35.39,38.48,34.97,675598.09
2021-09-27,35.29,33.96,35.29,33.41,479152.25
2021-09-28,34.16,34.18,34.77,33.71,282692.2
2021-09-29,33.74,33.2,33.98,33.08,323902.71
2021-09-30,33.15,33.18,33.74,32.86,241997.53
2021-10-08,33.7,33.57,33.91,32.94,229455.47
2021-10-11,33.78,33.97,35.1,33.75,388649.31
2021-10-12,33.96,33.94,34.61,33.35,288935.68
2021-10-13,33.9,33.42,33.9,32.57,267777.99
2021-10-14,33.43,32.72,33.44,32.57,241717.1
2021-10-15,32.73,32.78,33.22,32.52,172016.78
2021-10-18,32.78,33.22,33.22,31.76,276115.74
2021-10-19,33.02,32.85,33.14,32.6,207678.79
2021-10-20,33.04,32.82,33.22,32.49,180593.99
2021-10-21,32.66,32.4,33.07,32.19,258070.19
2021-10-22,32.43,33.03,33.73,32.43,299949.82
2021-10-25,32.52,31.87,32.52,31.84,363201.45
2021-10-26,32.06,31.68,32.16,31.64,198085.92
2021-10-27,31.52,30.95,31.55,30.78,245790.52
2021-10-28,30.95,30.94,31.27,30.55,184213.05
2021-10-29,30.74,30.97,31.1,30.71,183967.22
2021-11-01,30.91,30.82,31.14,30.65,203720.76
2021-11-02,30.91,30.3,31.21,30.09,252094.01
2021-11-03,30.17,30.85,31.15,30.17,203456.46
2021-11-04,31.04,30.92,31.05,30.5,160698.41
2021-11-05,30.8,30.76,31.02,30.5,132681.32
2021-11-08,30.61,30.74,31.05,30.39,201460.73
2021-11-09,30.9,30.82,31.08,30.66,141442.74
2021-11-10,30.72,29.86,30.81,29.52,331296.34
2021-11-11,29.86,31.61,31.82,29.78,547162.36
2021-11-12,31.61,31.01,31.63,30.91,281569.98
2021-11-15,31.02,31.11,31.3,30.87,148781.5
2021-11-16,31.11,30.25,31.27,30.16,306667.74
2021-11-17,30.24,30.13,30.38,30.01,204465.29
2021-11-18,30.17,30.09,30.26,30.01,157153.78
2021-11-19,30.08,30.47,30.58,29.85,177053.83
2021-11-22,30.46,30.32,30.46,30.1,143298.58
2021-11-23,30.24,30.43,30.61,30.13,145902.59
2021-11-24,30.41,30.4,30.48,30.09,145684.76
2021-11-25,30.4,30.22,30.4,30.14,116556.03
2021-11-26,30.13,29.74,30.13,29.71,209526.3
2021-11-29,29.43,29.38,29.44,29.28,217754.45
2021-11-30,29.39,29.46,29.92,29.3,221014.22
2021-12-01,29.34,29.81,29.82,29.3,190685.21
2021-12-02,29.68,31.3,31.8,29.43,677630.1
2021-12-03,31.16,31.2,31.23,30.77,292790.44
2021-12-06,31.47,31.59,32.13,31.35,417510.81
2021-12-07,32.04,32.29,32.59,32.04,404464.0
2021-12-08,32.29,31.94,32.36,31.73,262311.82
2021-12-09,32.04,32.68,32.9,32.0,417313.15
2021-12-10,32.52,32.08,32.61,31.93,280733.8
2021-12-13,32.94,33.05,34.16,32.92,520805.92
2021-12-14,32.98,32.13,32.98,32.04,291389.02
2021-12-15,32.04,32.17,32.47,31.98,147303.11
2021-12-16,32.19,32.56,32.64,31.82,185737.98
2021-12-17,32.61,32.48,33.09,32.3,360037.57
2021-12-20,32.35,32.75,33.0,32.16,268202.05
2021-12-21,32.53,33.5,34.06,32.53,342606.32
2021-12-22,33.69,33.55,33.75,33.12,195520.39
2021-12-23,33.51,33.96,34.0,33.22,230741.46
2021-12-24,33.94,33.98,34.15,33.57,173345.37
2021-12-27,34.0,33.74,34.65,33.33,190962.64
2021-12-28,33.82,33.26,33.93,33.08,175871.21
2021-12-29,33.34,32.91,33.56,32.78,140066.28
2021-12-30,32.93,32.9,33.34,32.73,183243.27
2021-12-31,32.71,32.78,33.08,32.53,144458.06
2022-01-04,32.91,33.89,34.04,32.55,270854.61
2022-01-05,33.79,34.37,34.63,33.62,330894.6
2022-01-06,34.57,35.21,35.91,34.42,422650.69
2022-01-07,35.13,35.75,35.91,35.09,372866.02
2022-01-10,35.75,35.69,36.19,35.3,252064.11
2022-01-11,35.87,35.31,35.94,35.18,217563.86
2022-01-12,35.13,33.8,35.24,33.74,389195.07
2022-01-13,33.89,32.86,34.03,32.82,266552.69
2022-01-14,32.69,31.77,32.74,31.72,325021.73
2022-01-17,31.8,31.73,31.95,31.57,206851.1
2022-01-18,31.78,32.69,32.77,31.49,287151.71
2022-01-19,32.54,34.92,35.05,32.54,677819.43
2022-01-20,34.92,34.7,35.09,34.4,294745.73
2022-01-21,34.73,33.5,34.73,33.42,339508.9
2022-01-24,34.44,34.09,34.48,33.57,214301.64
2022-01-25,33.78,33.22,34.08,33.1,166663.6
2022-01-26,32.96,33.22,33.55,32.26,232891.38
2022-01-27,32.92,32.43,33.0,32.37,164810.04
2022-01-28,32.7,31.89,33.0,31.87,190789.84
2022-02-07,32.4,34.3,34.63,32.35,376169.96
2022-02-08,34.3,34.13,34.48,33.57,244634.89
2022-02-09,34.15,34.22,35.05,34.09,236614.89
2022-02-10,34.22,35.44,35.46,33.84,373678.08
2022-02-11,35.46,35.85,36.15,35.22,393094.09
2022-02-14,35.53,34.52,35.88,34.47,246662.89
2022-02-15,34.75,34.24,34.94,34.0,207131.28
2022-02-16,34.55,34.56,35.13,34.25,181572.67
2022-02-17,34.56,34.67,35.26,34.01,192018.36
2022-02-18,34.41,35.4,35.47,34.28,220079.85
2022-02-21,35.41,35.1,35.59,34.73,168998.16
2022-02-22,34.7,34.56,34.79,34.22,166354.4
2022-02-23,34.48,34.05,34.73,33.84,212354.76
2022-02-24,33.76,33.0,33.78,32.63,310050.5
2022-02-25,33.25,32.78,33.7,32.74,216801.49
2022-02-28,32.94,32.78,33.3,32.56,180553.63
2022-03-01,32.88,33.17,33.3,32.81,158427.25
2022-03-02,33.13,33.0,33.56,32.94,179954.27
2022-03-03,33.17,33.48,33.62,33.0,213869.84
2022-03-04,33.18,32.49,33.18,32.22,321734.41
2022-03-07,32.49,32.68,33.25,32.3,273209.46
2022-03-08,32.48,31.72,32.74,31.56,255463.03
2022-03-09,32.12,31.06,32.28,29.81,297735.32
2022-03-10,31.72,31.21,31.88,31.07,200913.34
2022-03-11,30.69,30.95,31.05,30.17,271998.49
2022-03-14,30.56,30.27,31.19,30.13,179556.29
2022-03-15,30.1,28.26,30.12,28.24,421529.38
2022-03-16,28.57,28.95,29.08,27.49,347674.01
2022-03-17,29.44,30.08,30.39,29.28,334453.1
2022-03-18,30.12,30.62,30.81,29.93,203416.74
2022-03-21,30.74,30.2,30.8,30.03,192854.57
2022-03-22,30.04,30.26,30.48,29.83,132145.92
2022-03-23,30.17,30.21,30.39,30.01,131870.96
2022-03-24,30.09,29.99,30.17,29.76,139776.83
2022-03-25,29.96,29.99,30.33,29.82,132096.62
2022-03-28,30.1,30.66,30.82,29.83,230245.71
2022-03-29,30.48,30.65,30.77,30.26,150327.14
2022-03-30,30.74,31.51,31.72,30.74,275576.44
2022-03-31,31.34,32.12,32.52,31.27,348193.9
2022-04-01,31.8,32.29,32.48,31.71,230588.27
2022-04-06,32.22,33.29,33.45,32.09,305464.6
2022-04-07,33.18,32.95,34.02,32.83,352574.1
2022-04-08,33.09,33.28,33.55,32.76,321683.77
2022-04-11,33.33,32.94,33.51,32.67,270315.05
2022-04-12,32.73,32.91,33.09,32.21,214031.17
2022-04-13,32.73,32.25,32.99,32.22,174524.05
2022-04-14,32.3,32.78,32.94,31.74,219782.91
2022-04-15,32.58,32.48,33.02,32.37,118127.2
2022-04-18,32.32,32.22,32.59,31.82,108064.08
2022-04-19,32.13,31.63,32.46,31.55,179772.23
2022-04-20,31.64,30.91,31.85,30.77,160378.0
2022-04-21,30.73,30.42,31.15,30.27,160021.68
2022-04-22,30.17,31.17,31.44,30.01,182358.38
2022-04-25,30.91,30.17,31.44,30.14,203926.93
2022-04-26,30.17,30.63,31.13,30.01,217173.75
2022-04-27,31.04,32.12,33.32,31.04,580669.93
2022-04-28,32.08,32.61,32.74,31.84,286802.77
2022-04-29,32.19,32.5,32.69,31.58,279684.42
2022-05-05,32.52,32.84,32.99,32.35,239472.98
2022-05-06,32.13,31.66,32.53,31.61,172250.07
2022-05-09,31.63,31.5,32.19,31.24,109246.36
2022-05-10,31.03,31.52,31.64,30.73,153795.18
2022-05-11,31.7,31.17,31.77,31.0,203271.54
2022-05-12,31.01,30.83,31.13,30.57,152089.24
2022-05-13,30.87,31.08,31.13,30.75,150435.72
2022-05-16,31.38,31.0,31.47,30.8,157306.87
2022-05-17,31.0,30.89,31.0,30.4,165728.48
2022-05-18,30.73,30.33,30.76,30.15,215287.53
2022-05-19,30.05,30.53,30.7,29.94,152272.67
2022-05-20,30.65,30.88,30.98,30.55,166199.36
2022-05-23,30.88,30.5,30.88,30.43,143128.8
2022-05-24,30.62,30.03,30.64,30.01,189506.36
2022-05-25,30.03,30.19,30.29,29.87,126211.12
2022-05-26,30.43,30.65,31.03,30.43,268442.67
2022-05-27,30.66,30.27,30.76,30.14,277953.87
2022-05-30,30.13,30.16,30.39,30.05,166094.96
2022-05-31,30.16,29.95,30.17,29.83,240394.28
2022-06-01,29.95,30.23,30.26,29.95,174365.83
2022-06-02,30.25,29.46,30.3,29.3,454616.84
2022-06-06,29.1,28.64,29.19,28.22,638687.9
2022-06-07,28.56,28.87,28.87,28.47,338690.97
2022-06-08,28.89,29.08,29.22,28.79,294429.96
2022-06-09,29.07,28.93,29.25,28.86,238250.56
2022-06-10,28.71,28.95,28.99,28.55,203864.33
2022-06-13,28.79,28.88,29.18,28.56,248680.38
2022-06-14,28.67,29.43,29.43,28.48,357685.18
2022-06-15,29.43,29.99,30.34,29.33,427462.09
2022-06-16,29.98,29.71,30.09,29.69,240764.74
2022-06-17,29.37,30.17,30.17,29.37,354250.53
2022-06-20,30.27,30.17,30.27,29.92,314341.46
2022-06-21,30.33,30.0,30.33,29.58,266027.73
2022-06-22,30.0,29.32,30.0,29.22,317720.07
2022-06-23,29.32,29.44,29.53,29.16,180499.61
2022-06-24,29.55,29.51,29.62,29.21,246709.38
2022-06-27,29.51,29.83,29.94,29.3,276862.78
2022-06-28,29.81,29.9,29.96,29.56,219729.46
2022-06-29,29.89,30.12,30.31,29.81,315138.88
2022-06-30,30.24,30.66,30.86,30.08,362280.51
2022-07-01,30.78,30.9,31.24,30.62,322402.89
2022-07-04,31.09,31.29,31.47,30.76,315844.01
2022-07-05,31.31,31.19,31.59,30.73,269428.84
2022-07-06,31.07,30.38,31.16,30.16,244043.71
2022-07-07,30.37,30.28,30.48,30.04,141321.14
2022-07-08,30.41,30.42,30.68,30.23,135945.68
2022-07-11,30.07,30.55,30.72,29.81,227639.96
2022-07-12,30.5,31.1,31.29,30.4,306541.08
2022-07-13,31.19,30.72,31.34,30.53,178060.46
2022-07-14,30.52,30.22,30.55,30.08,145955.16
2022-07-15,30.07,29.55,30.36,29.55,196870.7
2022-07-18,29.55,30.51,30.77,29.42,206921.77
2022-07-19,30.4,30.19,30.42,30.05,152739.18
2022-07-20,30.38,30.03,30.39,29.92,105641.47
2022-07-21,29.81,29.57,29.97,29.56,134063.64
2022-07-22,29.55,28.92,29.66,28.72,304004.99
2022-07-25,28.93,28.84,29.15,28.77,152145.02
2022-07-26,28.84,29.04,29.1,28.57,155204.9
2022-07-27,28.98,28.6,29.11,28.59,172889.43
2022-07-28,28.68,28.66,28.88,28.6,113964.59
2022-07-29,28.69,28.24,28.87,28.19,178417.64
2022-08-01,28.18,28.12,28.24,27.81,139826.82
2022-08-02,27.75,27.22,27.75,27.0,224481.93
2022-08-03,27.11,26.84,27.51,26.81,157543.1
2022-08-04,27.03,27.11,27.19,26.88,114465.72
2022-08-05,27.17,27.84,27.88,26.94,189045.75
2022-08-08,27.84,28.29,28.33,27.77,167041.35
2022-08-09,28.28,28.24,28.41,28.1,117657.79
2022-08-10,28.24,28.13,28.68,27.91,143467.91
2022-08-11,28.27,28.44,28.5,27.97,122665.32
2022-08-12,28.39,28.57,28.67,28.27,94004.07
2022-08-15,28.57,28.39,28.87,28.33,130303.43
2022-08-16,28.47,28.46,28.73,28.34,117884.01
2022-08-17,28.48,28.47,28.57,27.95,154327.73
2022-08-18,28.33,27.48,28.42,27.44,287381.73
2022-08-19,27.49,27.72,27.86,27.46,170212.41
2022-08-22,27.71,27.97,28.11,27.59,145670.25
2022-08-23,27.97,27.35,28.01,27.24,200593.14
2022-08-24,27.34,26.97,27.45,26.94,187620.78
2022-08-25,27.22,27.9,28.06,27.07,310771.61
2022-08-26,27.7,27.64,27.81,27.25,192156.98
2022-08-29,27.42,27.31,27.61,27.03,154888.25
2022-08-30,27.28,26.93,27.77,26.8,206623.39
2022-08-31,26.85,27.74,27.74,26.65,353829.15
2022-09-01,27.38,27.46,28.04,26.94,258002.65
2022-09-02,27.46,27.09,27.72,27.0,177418.47
2022-09-05,26.98,26.95,27.14,26.51,226356.15
2022-09-06,26.98,26.94,27.11,26.74,201911.34
2022-09-07,26.77,26.43,26.85,26.26,294228.49
2022-09-08,26.38,26.25,26.54,26.12,199691.77
2022-09-09,26.26,27.26,27.38,26.21,449614.42
2022-09-13,27.26,27.77,28.14,27.09,315155.81
2022-09-14,27.44,27.45,27.88,27.37,161211.99
2022-09-15,27.5,28.01,28.2,27.5,260246.17
2022-09-16,27.83,27.11,27.96,26.95,338506.25
2022-09-19,27.11,26.46,27.11,26.38,214514.3
2022-09-20,26.6,25.71,26.64,25.39,390757.12
2022-09-21,25.56,25.36,25.59,24.98,243945.59
2022-09-22,25.09,24.97,25.25,24.87,180948.58
2022-09-23,24.97,24.91,25.32,24.81,141170.02
2022-09-26,24.77,24.62,25.07,24.6,146958.46
2022-09-27,24.65,24.86,24.9,24.44,134019.72
2022-09-28,24.77,24.59,24.99,24.51,156279.49
2022-09-29,24.67,24.43,25.29,24.33,184404.87
2022-09-30,24.49,25.04,25.33,24.49,284870.69
2022-10-10,24.97,24.5,25.29,24.36,159515.25
2022-10-11,24.52,24.29,24.62,23.93,132309.11
2022-10-12,24.2,24.63,24.66,23.78,144866.97
2022-10-13,24.42,24.88,25.27,24.3,193178.72
2022-10-14,25.03,25.12,25.29,24.91,155422.34
2022-10-17,25.03,24.88,25.03,24.6,166815.96
2022-10-18,24.99,24.66,25.14,24.65,108941.44
2022-10-19,24.62,24.35,24.77,24.35,144376.25
2022-10-20,24.16,24.18,24.49,24.07,110508.26
2022-10-21,24.26,24.15,24.77,23.99,158017.86
2022-10-24,24.16,23.06,24.25,23.03,290393.18
2022-10-25,23.17,23.3,23.52,22.91,150739.72
2022-10-26,23.15,23.26,23.64,23.13,157043.99
2022-10-27,23.26,23.51,23.62,23.26,147142.98
2022-10-28,22.59,21.99,23.03,21.93,354708.81
2022-10-31,21.86,21.1,21.89,21.03,296178.4
2022-11-01,21.16,21.96,21.98,20.93,325309.53
2022-11-02,21.75,21.97,22.07,21.55,251649.2
2022-11-03,21.73,21.67,21.79,21.54,147671.05
2022-11-04,21.65,22.33,22.47,21.65,279950.34
2022-11-07,22.2,22.65,22.8,22.14,216476.4
2022-11-08,22.53,22.6,22.81,22.47,149959.16
2022-11-09,22.55,22.6,22.9,22.43,122496.62
2022-11-10,22.47,22.63,22.72,22.32,140506.26
2022-11-11,22.98,23.46,23.7,22.84,386526.24
2022-11-14,24.16,23.97,24.44,23.65,501303.52
2022-11-15,23.99,25.28,25.47,23.69,508538.12
2022-11-16,25.13,24.79,25.19,24.7,242047.79
2022-11-17,24.77,24.66,24.98,24.33,216170.72
2022-11-18,24.68,24.23,24.83,24.16,240276.53
2022-11-21,24.23,23.92,24.23,23.37,199557.05
2022-11-22,24.0,24.04,24.45,23.79,137350.15
2022-11-23,23.95,23.98,24.38,23.83,156153.78
2022-11-24,24.16,24.08,24.54,23.99,179523.57
2022-11-25,24.09,24.52,24.59,24.09,202930.34
2022-11-28,24.07,23.86,24.07,23.56,177583.27
2022-11-29,24.32,25.2,25.36,24.23,393382.14
2022-11-30,25.19,24.85,25.58,24.82,288488.15
2022-12-01,25.19,24.85,25.42,24.79,194059.68
2022-12-02,24.8,24.49,24.85,24.42,165525.31
2022-12-05,24.66,25.9,25.98,24.66,412089.35
2022-12-06,25.72,25.3,25.85,25.27,222278.3
2022-12-07,25.31,25.03,25.4,24.86,193114.71
2022-12-08,24.94,25.19,25.36,24.94,153397.51
2022-12-09,25.2,26.29,26.49,25.12,494676.74
2022-12-12,26.12,25.67,26.46,25.63,285719.06
2022-12-13,25.54,25.81,25.88,25.39,162329.01
2022-12-14,25.81,25.81,25.88,25.42,203785.06
2022-12-15,25.77,25.03,25.88,24.95,247625.91
2022-12-16,24.9,25.76,26.07,24.88,320414.68
2022-12-19,25.77,24.92,26.07,24.77,232639.46
2022-12-20,24.78,24.44,24.82,24.33,154938.51
2022-12-21,24.42,24.52,24.79,24.42,101854.86
2022-12-22,24.66,24.72,25.35,24.61,162948.96
2022-12-23,24.56,24.59,24.98,24.35,96364.82
2022-12-26,24.59,24.33,24.84,24.17,162599.34
2022-12-27,24.43,24.46,24.72,24.39,132412.72
2022-12-28,24.46,24.26,24.47,24.16,156444.05
2022-12-29,24.19,23.79,24.19,23.68,146595.41
2022-12-30,23.9,23.79,24.12,23.76,139294.53
2023-01-03,23.8,24.08,24.13,23.53,110875.79
2023-01-04,24.09,24.46,24.86,24.0,193688.71
2023-01-05,24.58,24.66,24.8,24.46,137992.67
2023-01-06,24.77,24.84,24.99,24.6,139094.71
2023-01-09,24.91,24.72,25.07,24.65,139997.66
2023-01-10,24.72,24.64,24.91,24.52,99468.87
2023-01-11,24.72,24.81,24.96,24.64,111809.36
2023-01-12,24.69,24.38,24.75,24.26,162459.25
2023-01-13,24.39,25.13,25.2,24.39,253941.06
2023-01-16,25.06,25.48,25.76,25.0,253244.08
2023-01-17,25.49,25.37,25.62,25.16,134391.63
2023-01-18,25.36,25.23,25.45,25.03,152553.02
2023-01-19,25.2,25.25,25.27,24.99,177665.03
2023-01-20,25.26,25.62,25.63,25.17,163922.66
2023-01-30,26.15,25.32,26.15,25.25,276402.49
2023-01-31,25.18,25.57,25.78,25.12,188673.7
2023-02-01,25.59,25.65,25.67,25.25,214895.6
2023-02-02,25.59,25.72,25.89,25.43,219582.79
2023-02-03,25.56,25.26,25.59,25.07,214050.33
2023-02-06,25.03,24.89,25.14,24.73,154560.41
2023-02-07,24.89,25.09,25.45,24.88,164949.28
2023-02-08,25.1,24.85,25.19,24.79,135695.72
2023-02-09,24.84,24.93,24.99,24.79,140012.51
2023-02-10,24.85,25.12,25.24,24.83,151174.78
2023-02-13,25.12,26.09,26.22,24.97,514567.56
2023-02-14,26.04,26.04,26.2,25.77,224399.11
2023-02-15,26.05,26.06,26.51,26.04,287490.17
2023-02-16,26.17,26.18,26.81,25.94,359196.97
2023-02-17,26.18,26.12,26.76,26.12,221470.77
2023-02-20,26.25,27.6,27.63,26.22,590514.8
2023-02-21,27.61,27.77,28.07,27.38,364272.14
2023-02-22,27.65,27.41,27.76,27.27,182989.97
2023-02-23,27.41,27.6,27.67,27.36,190616.63
2023-02-24,27.53,27.02,27.53,26.77,263836.86
2023-02-27,26.9,26.68,27.18,26.53,172225.62
2023-02-28,26.7,26.66,26.88,26.25,213479.16
2023-03-01,26.9,27.15,27.42,26.9,261374.96
2023-03-02,26.98,27.5,27.75,26.88,244873.35
2023-03-03,27.54,27.57,27.63,27.2,154544.79
2023-03-06,27.57,26.88,27.57,26.68,298509.28
2023-03-07,26.84,26.38,27.08,26.32,235800.48
2023-03-08,26.33,26.25,26.34,25.98,153480.85
2023-03-09,26.25,25.8,26.28,25.72,173310.32
2023-03-10,25.71,25.37,25.72,25.26,204898.02
2023-03-13,25.29,25.41,25.64,25.14,190053.67
2023-03-14,25.46,25.25,25.67,25.2,147247.15
2023-03-15,25.36,25.75,25.88,25.32,184096.72
2023-03-16,25.58,25.56,25.87,25.45,143543.28
2023-03-17,25.77,25.54,25.93,25.43,228939.09
2023-03-20,25.55,25.32,26.16,25.32,213013.06
2023-03-21,25.52,25.36,25.58,25.2,111624.25
2023-03-22,25.45,25.38,25.54,25.23,132594.7
2023-03-23,25.27,25.4,25.45,25.06,137489.44
2023-03-24,25.38,25.16,25.38,25.03,188204.94
2023-03-27,25.11,24.52,25.11,24.37,249661.55
2023-03-28,24.54,24.49,24.71,24.25,227651.39
2023-03-29,24.5,24.38,24.66,24.33,187465.02
2023-03-30,24.42,24.67,24.79,24.16,208831.57
2023-03-31,24.69,24.55,24.94,24.55,191608.12
2023-04-03,24.57,24.63,24.78,24.42,225733.41
2023-04-04,24.63,24.84,24.94,24.52,241801.82
2023-04-06,24.72,24.68,24.81,24.59,104384.88
2023-04-07,24.69,24.85,24.9,24.62,125349.21
2023-04-10,24.88,24.82,24.96,24.73,130804.7
2023-04-11,24.79,25.25,25.34,24.65,297909.13
2023-04-12,25.23,25.29,25.37,25.05,150164.0
2023-04-13,25.19,24.88,25.19,24.83,171941.06
2023-04-14,24.95,24.86,25.09,24.83,122491.18
2023-04-17,24.68,24.84,24.9,24.64,220348.0
2023-04-18,24.78,24.77,24.91,24.7,183409.62
2023-04-19,24.77,24.31,24.79,24.26,221330.98
2023-04-20,24.31,24.33,24.44,24.16,164201.07
2023-04-21,24.34,23.95,24.57,23.9,194552.35
2023-04-24,23.95,23.55,23.95,23.46,190762.18
2023-04-25,23.55,23.46,23.66,23.2,159376.97
2023-04-26,23.45,23.35,23.53,23.18,120824.42
2023-04-27,23.13,23.17,23.35,22.96,179048.37
2023-04-28,23.18,23.36,23.46,23.17,152427.68
2023-05-04,23.33,23.47,23.58,23.13,167825.31
2023-05-05,23.55,23.52,23.8,23.17,175316.62
2023-05-08,23.53,23.84,23.93,23.33,205538.66
2023-05-09,23.9,24.04,24.46,23.72,354869.67
2023-05-10,23.92,23.86,24.12,23.73,148512.36
2023-05-11,23.81,23.79,23.99,23.66,116532.23
2023-05-12,23.79,23.52,23.9,23.46,139087.95
2023-05-15,23.47,23.71,23.77,23.33,108240.76
2023-05-16,23.67,23.33,23.67,23.26,141253.4
2023-05-17,23.29,23.0,23.31,22.91,161181.45
2023-05-18,23.0,22.99,23.14,22.9,110641.52
2023-05-19,22.96,22.92,23.12,22.68,137633.02
2023-05-22,22.92,23.16,23.26,22.86,128906.09
2023-05-23,23.08,23.04,23.25,23.04,102047.72
2023-05-24,22.92,22.54,23.04,22.53,171106.7
2023-05-25,22.5,22.25,22.53,22.11,160948.8
2023-05-26,22.27,22.7,22.72,22.26,111596.06
2023-05-29,22.6,22.12,22.6,22.08,152174.05
2023-05-30,22.07,21.97,22.23,21.79,139884.32
2023-05-31,21.81,21.78,22.15,21.78,168729.99
2023-06-01,21.75,21.73,21.93,21.65,125082.09
2023-06-02,21.85,22.13,22.19,21.8,171425.23
2023-06-05,22.1,22.23,22.38,22.0,127499.58
2023-06-06,22.24,22.1,22.59,22.07,182795.99
2023-06-07,22.07,22.27,22.42,22.07,123380.14
2023-06-08,22.27,23.05,23.17,22.2,352406.79
2023-06-09,23.04,22.78,23.32,22.71,463606.13
2023-06-12,22.7,22.21,22.78,21.77,412482.71
2023-06-13,22.23,22.33,22.4,22.12,185035.79
2023-06-14,22.38,22.4,22.56,22.29,174819.68
2023-06-15,22.34,22.88,22.88,22.34,212171.25
2023-06-16,22.96,23.14,23.25,22.94,202047.0
2023-06-19,23.15,22.84,23.2,22.75,182252.79
2023-06-20,22.87,22.38,22.87,22.31,206349.42
2023-06-21,22.36,22.11,22.42,22.1,157201.8
2023-06-26,22.03,21.72,22.03,21.71,133504.81
2023-06-27,21.79,22.4,22.43,21.77,145648.97
2023-06-28,22.33,22.23,22.52,22.03,86577.34
2023-06-29,22.18,21.81,22.26,21.79,131815.58
2023-06-30,21.81,21.86,22.13,21.81,115562.23
2023-07-03,21.96,22.08,22.2,21.94,127041.75
2023-07-04,22.12,22.02,22.13,21.94,85364.24
2023-07-05,22.01,21.85,22.05,21.81,105018.48
2023-07-06,21.82,21.69,21.91,21.66,110995.69
2023-07-07,21.65,21.59,21.69,21.51,89008.65
2023-07-10,21.7,21.6,21.8,21.58,85381.84
2023-07-11,21.7,21.63,21.85,21.59,114101.68
2023-07-12,21.63,21.41,21.66,21.39,135698.14
2023-07-13,21.48,21.67,21.7,21.47,112569.91
2023-07-14,21.67,21.71,21.76,21.6,77949.21
2023-07-17,21.71,21.59,21.71,21.49,65025.97
2023-07-18,21.69,21.59,21.71,21.5,77640.18
2023-07-19,21.67,21.71,21.72,21.56,94546.74
2023-07-20,21.71,21.79,21.99,21.71,173314.25
2023-07-21,21.79,21.94,21.96,21.76,121204.33
2023-07-24,22.06,21.99,22.09,21.78,168474.0
2023-07-25,22.58,22.75,23.01,22.53,416799.94
2023-07-26,22.75,22.95,23.02,22.75,272868.12
2023-07-27,22.94,23.14,23.72,22.76,458400.38
2023-07-28,23.37,23.85,23.94,23.27,411263.4
2023-07-31,24.31,24.99,25.05,24.29,765694.28
2023-08-01,24.86,24.55,24.95,24.48,293228.36
2023-08-02,24.54,24.76,25.11,24.5,294511.19
2023-08-03,24.64,24.86,24.94,24.56,155020.48
2023-08-04,25.05,24.63,25.31,24.62,251437.96
2023-08-07,24.74,24.25,24.77,24.14,226821.34
2023-08-08,24.31,23.88,24.46,23.86,194311.71
2023-08-09,23.94,23.96,24.05,23.72,150286.74
2023-08-10,23.94,23.86,24.09,23.68,122687.63
2023-08-11,23.89,23.34,24.03,23.3,156094.44
2023-08-14,23.22,23.35,23.58,22.8,180706.99
2023-08-15,23.35,23.36,23.61,22.99,135812.3
2023-08-16,23.33,23.5,23.76,23.12,160101.94
2023-08-17,23.34,23.61,23.92,23.14,226186.81
2023-08-18,23.56,23.65,24.02,23.56,175700.23
2023-08-21,23.65,23.5,23.83,23.4,166072.19
2023-08-22,23.67,24.02,24.2,23.59,296490.69
2023-08-23,24.03,23.86,24.15,23.72,199222.79
2023-08-24,23.8,23.75,24.01,23.44,165647.21
2023-08-25,23.59,24.03,24.31,23.58,208098.81
2023-08-28,24.89,24.41,25.22,24.34,387828.31
2023-08-29,24.23,24.27,24.36,23.86,228212.02
2023-08-30,24.41,23.97,24.42,23.87,149096.91
2023-08-31,23.9,23.65,24.2,23.5,156527.26
2023-09-01,23.76,24.3,24.4,23.76,240992.54
2023-09-04,24.57,25.1,25.2,24.51,328970.54
2023-09-05,25.21,24.35,25.21,24.29,195838.1
2023-09-06,24.3,24.22,24.35,23.88,151431.96
2023-09-07,24.03,23.94,24.24,23.89,95095.73
2023-09-08,23.89,23.92,24.11,23.78,92783.53
2023-09-11,23.99,23.79,24.03,23.75,152548.02
2023-09-12,23.79,23.61,23.79,23.53,109320.94
2023-09-13,23.57,23.67,23.77,23.55,89858.86
2023-09-14,23.59,23.98,24.0,23.57,142400.7
2023-09-15,23.99,24.34,24.5,23.9,209250.59
2023-09-18,24.31,23.86,24.33,23.77,140963.57
2023-09-19,23.86,24.51,24.54,23.85,187993.86
2023-09-20,24.53,24.82,24.94,24.38,254236.72
2023-09-21,24.82,24.42,24.9,24.36,158102.05
2023-09-22,24.54,24.55,24.62,24.2,127839.07
2023-09-25,24.62,24.37,24.77,24.34,116150.98
2023-09-26,24.31,24.08,24.49,24.04,125310.43
2023-09-27,24.09,24.01,24.29,23.85,139917.7
2023-09-28,24.02,23.97,24.18,23.93,76891.03
2023-10-09,23.93,23.58,23.93,23.51,114954.11
2023-10-10,23.58,23.09,23.79,23.02,163238.72
2023-10-11,23.11,22.95,23.32,22.85,129874.77
2023-10-12,23.0,23.57,23.69,23.0,123424.0
2023-10-13,23.47,23.22,23.48,23.13,76015.0
2023-10-16,23.26,23.05,23.33,22.97,102423.26
2023-10-17,23.15,22.9,23.15,22.71,96627.62
2023-10-18,22.95,22.87,23.02,22.72,116739.0
2023-10-19,22.71,22.29,22.83,22.29,115610.96
2023-10-20,22.29,22.16,22.38,22.12,92448.52
2023-10-23,22.1,21.74,22.15,21.61,137531.96
2023-10-24,21.81,21.56,21.91,21.42,186980.03
2023-10-25,22.56,22.96,23.04,22.27,402328.11
2023-10-26,22.75,22.17,22.99,21.89,293635.22
2023-10-27,21.96,22.57,22.71,21.96,158781.59
2023-10-30,22.38,22.4,22.73,22.19,180070.55
2023-10-31,22.4,22.28,22.56,22.06,130515.8
2023-11-01,22.3,21.92,22.36,21.73,167759.31
2023-11-02,21.92,21.84,22.05,21.82,100268.13
2023-11-03,21.82,21.89,21.95,21.82,116674.53
2023-11-06,22.1,22.18,22.25,21.96,165742.69
2023-11-07,22.2,21.97,22.21,21.9,165657.14
2023-11-08,21.94,21.87,22.05,21.78,158586.84
2023-11-09,21.87,21.96,22.1,21.87,122425.07
2023-11-10,21.92,21.67,21.92,21.62,142891.84
2023-11-13,21.68,21.71,21.81,21.47,129350.94
2023-11-14,21.71,21.64,21.84,21.56,133538.49
2023-11-15,21.85,22.04,22.27,21.84,198766.64
2023-11-16,22.0,21.94,22.03,21.72,104623.43
2023-11-17,21.8,21.57,21.89,21.43,232251.33
2023-11-20,21.54,21.59,21.61,21.46,106467.31
2023-11-21,21.63,21.87,22.1,21.63,216955.72
2023-11-22,21.79,21.74,22.02,21.71,124683.84
2023-11-23,21.82,21.86,21.87,21.63,87445.92
2023-11-24,22.1,21.89,22.17,21.82,138439.92
2023-11-27,21.89,21.5,21.89,21.43,170800.48
2023-11-28,21.51,21.65,21.66,21.46,92697.47
2023-11-29,21.59,21.3,21.73,21.21,184032.19
2023-11-30,21.23,21.18,21.35,21.1,116726.26
2023-12-01,21.16,21.05,21.23,20.89,165334.12
2023-12-04,21.05,20.79,21.17,20.78,136077.8
2023-12-05,20.75,20.51,20.92,20.5,129571.26
2023-12-06,20.49,20.36,20.64,20.31,153506.75
2023-12-07,20.37,20.26,20.43,20.03,160569.76
2023-12-08,20.26,20.09,20.43,20.06,160837.0
2023-12-11,20.06,20.1,20.14,19.67,168719.23
2023-12-12,20.07,20.36,20.43,19.98,107917.17
2023-12-13,20.4,19.85,20.41,19.71,136244.78
2023-12-14,19.98,19.95,20.1,19.88,82414.26
2023-12-15,20.0,20.11,20.46,19.98,135832.14
2023-12-18,20.03,19.87,20.16,19.79,103744.59
2023-12-19,19.79,19.77,19.91,19.61,96793.77
2023-12-20,19.79,19.78,19.89,19.73,82736.03
2023-12-21,19.75,19.97,20.0,19.63,125244.34
2023-12-22,19.94,20.08,20.19,19.77,107088.96
2023-12-25,20.04,20.24,20.25,19.92,89320.93
2023-12-26,20.21,20.26,20.3,20.1,85708.74
2023-12-27,20.27,20.41,20.43,20.17,94204.72
2023-12-28,20.41,20.77,20.83,20.32,142043.65
2023-12-29,20.82,20.77,20.95,20.56,145298.24
2024-01-02,20.77,20.58,20.77,20.55,80777.96
2024-01-03,20.54,20.69,20.75,20.44,85215.13
2024-01-04,20.69,20.59,20.73,20.31,104999.15
2024-01-05,20.55,20.71,21.02,20.19,183035.5
2024-01-08,20.72,20.66,20.93,20.54,146695.71
2024-01-09,20.71,20.66,20.71,20.32,92461.15
2024-01-10,20.58,20.64,20.77,20.53,81233.65
2024-01-11,20.6,20.56,20.69,20.35,88065.15
2024-01-12,20.56,20.62,20.84,20.49,94351.28
2024-01-15,20.54,20.87,20.89,20.4,111295.65
2024-01-16,20.79,21.01,21.06,20.68,175114.69
2024-01-17,20.93,20.59,20.97,20.59,154314.92
2024-01-18,20.54,20.72,20.79,20.06,154330.75
2024-01-19,20.64,20.52,20.78,20.4,121123.7
2024-01-22,20.44,20.13,20.66,19.89,176202.55
2024-01-23,20.02,20.03,20.13,19.83,131760.82
2024-01-24,20.11,20.38,20.48,19.73,151430.17
2024-01-25,20.38,20.81,20.86,20.31,208280.37
2024-01-26,21.03,21.01,21.49,20.82,223399.01
2024-01-29,21.15,21.24,21.49,21.12,222099.07
2024-01-30,21.1,21.01,21.41,21.01,173339.03
2024-01-31,20.89,21.28,21.48,20.84,239247.43
2024-02-01,21.22,21.18,21.47,20.96,189061.26
2024-02-02,21.18,21.16,21.47,20.66,204919.36
2024-02-05,21.16,21.43,21.5,20.87,334391.38
2024-02-06,21.32,21.86,22.0,21.24,258033.76
2024-02-07,21.86,21.94,21.95,21.55,248068.86
2024-02-08,21.94,22.31,22.31,21.75,269272.69
2024-02-19,22.3,22.23,22.36,21.72,197650.08
2024-02-20,22.14,22.52,22.68,22.01,190749.76
2024-02-21,22.46,22.78,23.1,22.31,215950.4
2024-02-22,22.66,22.73,22.81,22.46,143736.86
2024-02-23,22.7,22.65,22.85,22.42,152213.81
2024-02-26,22.57,22.22,22.64,22.17,155429.87
2024-02-27,22.16,22.16,22.28,21.99,161707.13
2024-02-28,22.13,21.97,22.19,21.82,208611.33
2024-02-29,21.82,22.05,22.05,21.8,209811.5
2024-03-01,22.02,21.89,22.03,21.78,175293.43
2024-03-04,21.88,21.58,21.88,21.43,232304.02
2024-03-05,21.49,21.87,21.88,21.4,192914.48
2024-03-06,21.87,22.1,22.18,21.73,174204.09
2024-03-07,22.05,22.26,22.52,22.03,192205.04
2024-03-08,22.22,21.92,22.24,21.82,162670.84
2024-03-11,21.92,21.87,22.04,21.66,168592.8
2024-03-12,21.87,21.94,22.05,21.5,264343.79
2024-03-13,21.82,21.36,21.82,21.33,269989.22
2024-03-14,21.24,21.42,21.64,21.23,173987.78
2024-03-15,21.38,21.63,21.64,21.32,157381.34
2024-03-18,21.59,21.53,21.71,21.47,154089.92
2024-03-19,21.52,21.36,21.59,21.3,165894.98
2024-03-20,21.07,20.89,21.13,20.81,328458.28
2024-03-21,20.93,20.84,21.09,20.74,199428.4
2024-03-22,20.77,20.51,20.84,20.43,193836.05
2024-03-25,20.48,20.62,20.78,20.34,180190.48
2024-03-26,20.6,20.56,20.64,20.38,168280.41
2024-03-27,20.62,20.41,20.77,20.4,148048.24
2024-03-28,20.4,20.46,20.53,20.26,154157.6
2024-03-29,20.39,20.52,20.52,20.37,86993.01
2024-04-01,20.54,20.66,20.71,20.46,202760.9
2024-04-02,20.66,20.6,20.76,20.55,146361.15
2024-04-03,20.63,20.53,20.69,20.4,124210.55
2024-04-08,20.53,20.42,20.65,20.33,132789.86
2024-04-09,20.38,20.37,20.5,20.27,141862.51
2024-04-10,20.29,20.05,20.38,19.96,176154.49
2024-04-11,20.19,21.04,21.07,20.19,531772.95
2024-04-12,20.94,20.77,21.12,20.7,245896.7
2024-04-15,20.76,20.9,21.09,20.63,225225.28
2024-04-16,20.9,21.0,21.23,20.79,240550.25
2024-04-17,21.0,21.34,21.38,20.86,257924.01
2024-04-18,21.3,21.11,21.52,21.09,236279.05
2024-04-19,21.0,21.39,21.5,20.97,184496.67
2024-04-22,21.39,21.36,21.57,21.16,156399.09
2024-04-23,21.36,20.8,21.36,20.75,185738.67
2024-04-24,20.88,20.61,20.92,20.36,212129.19
2024-04-25,20.59,20.77,20.81,20.49,113281.23
2024-04-26,20.73,20.97,21.0,20.49,170305.64
2024-04-29,20.68,21.45,21.61,20.33,356463.61
2024-04-30,21.37,21.16,21.44,21.1,161788.36
2024-05-06,21.44,21.38,21.57,21.24,179959.63
2024-05-07,21.38,21.37,21.41,21.01,153091.68
2024-05-08,21.3,21.38,21.8,21.27,199605.34
2024-05-09,21.35,21.69,21.82,21.35,184516.31
2024-05-10,21.69,22.33,22.42,21.58,401150.48
2024-05-13,22.24,22.43,22.52,21.97,182052.61
2024-05-14,22.45,22.16,22.51,22.1,136134.69
2024-05-15,22.12,22.4,22.61,21.96,195724.61
2024-05-16,22.4,23.36,23.71,22.34,549728.23
2024-05-17,23.36,23.39,23.59,22.75,331216.68
2024-05-20,23.54,23.34,23.64,23.01,296351.76
2024-05-21,23.33,23.39,23.9,23.2,207959.33
2024-05-22,23.25,23.18,23.8,23.17,225952.86
2024-05-23,23.14,22.89,23.19,22.74,217335.61
2024-05-24,22.88,22.5,22.92,22.47,175573.54
2024-05-27,22.52,22.66,22.69,22.39,128283.89
2024-05-28,22.69,22.52,22.86,22.47,192221.78
2024-05-29,22.61,22.5,22.86,22.42,135580.29
2024-05-30,22.52,22.59,22.72,22.4,143702.35
2024-05-31,22.61,22.11,22.74,22.09,172954.03
2024-06-03,22.1,22.54,22.54,21.9,220765.61
2024-06-04,22.33,22.62,22.78,22.1,153032.06
2024-06-05,22.59,22.42,22.82,22.38,121101.24
2024-06-06,22.4,22.35,22.54,22.11,127682.93
2024-06-07,22.29,22.38,22.49,22.17,116965.82
2024-06-11,22.27,21.97,22.43,21.9,117876.87
2024-06-12,21.96,21.98,22.08,21.83,84245.64
2024-06-13,21.98,21.44,22.05,21.37,140613.66
2024-06-14,21.46,21.94,22.05,21.29,157517.37
2024-06-17,21.83,21.82,22.05,21.65,92827.4
2024-06-18,21.73,21.94,21.98,21.72,72507.39
2024-06-19,21.88,21.83,22.05,21.74,56687.69
2024-06-20,21.78,21.9,21.95,21.65,78228.07
2024-06-21,21.78,22.61,22.65,21.78,243459.93
2024-06-24,22.54,22.17,22.99,22.13,230652.35
2024-06-25,22.16,22.56,22.79,22.13,180885.61
2024-06-26,22.56,22.69,22.72,22.23,174845.57
2024-06-27,22.7,22.55,22.96,22.5,157824.43
2024-06-28,22.51,22.6,22.78,22.45,125919.8
2024-07-01,22.5,22.36,22.86,22.34,134235.17
2024-07-02,22.38,22.78,22.98,22.38,204474.66
2024-07-03,22.8,23.04,23.12,22.64,151421.81
2024-07-04,23.04,22.93,23.09,22.82,135517.95
2024-07-05,22.9,23.15,23.51,22.9,199129.8
2024-07-08,23.04,23.66,23.83,23.04,280095.32
2024-07-09,23.57,23.66,23.83,23.4,191426.95
2024-07-10,23.66,23.48,23.7,23.29,144168.77
2024-07-11,23.49,23.76,23.79,23.37,144507.12
2024-07-12,23.83,23.72,24.08,23.66,117912.78
2024-07-15,23.6,23.82,23.86,23.43,103342.5
2024-07-16,23.82,23.8,23.85,23.5,89093.45
2024-07-17,23.79,24.21,24.3,23.76,177494.73
2024-07-18,24.15,24.05,24.25,23.91,156737.63
2024-07-19,24.06,23.87,24.1,23.72,161508.21
2024-07-22,23.83,23.4,23.83,23.38,205080.67
2024-07-23,23.35,23.1,23.57,22.99,115053.33
2024-07-24,23.03,22.86,23.14,22.7,135670.88
2024-07-25,22.75,22.8,23.07,22.64,116304.96
2024-07-26,22.8,22.92,22.97,22.57,105106.67
2024-07-29,22.92,23.08,23.34,22.84,130094.07
2024-07-30,23.07,23.18,23.26,22.92,122724.74
2024-07-31,23.25,23.15,23.26,22.81,164162.32
2024-08-01,23.15,22.58,23.15,22.56,199318.14
2024-08-02,22.56,22.23,22.56,22.12,149521.34
2024-08-05,22.23,22.23,22.55,22.03,122126.5
2024-08-06,22.23,22.54,22.63,22.1,161984.86
2024-08-07,22.61,22.29,22.88,22.27,117197.0
2024-08-08,22.26,22.94,23.14,22.23,196229.04
2024-08-09,22.94,22.63,23.01,22.57,112541.7
2024-08-12,22.58,22.3,22.59,22.18,85911.56
2024-08-13,22.39,22.18,22.39,21.89,85805.49
2024-08-14,22.17,21.65,22.17,21.57,139875.16
2024-08-15,21.64,21.76,21.92,21.55,82238.44
2024-08-16,21.76,21.59,21.83,21.43,93979.0
2024-08-19,21.57,21.64,21.87,21.55,69516.96
2024-08-20,21.7,21.28,21.75,21.23,89974.38
2024-08-21,21.39,20.65,21.41,20.23,276671.18
2024-08-22,20.59,20.37,20.69,20.24,209936.17
2024-08-23,20.37,20.69,20.81,20.31,103233.02
2024-08-26,20.65,20.55,20.8,20.38,115505.45
2024-08-27,20.48,20.19,20.6,20.07,133369.71
2024-08-28,20.04,19.63,20.22,19.51,265031.14
2024-08-29,19.72,19.79,19.93,19.5,145213.03
2024-08-30,19.73,20.04,20.56,19.56,188421.48
2024-09-02,19.99,19.98,20.23,19.78,125569.34
2024-09-03,20.0,19.85,20.1,19.72,116157.57
2024-09-04,19.73,19.68,19.87,19.49,102174.18
2024-09-05,19.68,20.06,20.08,19.63,117452.78
2024-09-06,20.05,19.92,20.12,19.88,63801.07
2024-09-09,19.82,19.56,19.99,19.5,90958.99
2024-09-10,19.47,18.98,19.55,18.87,172708.5
2024-09-11,18.96,19.18,19.27,18.79,113231.4
2024-09-12,19.16,19.31,19.45,19.04,113625.57
2024-09-13,19.37,19.24,19.69,19.15,126050.43
2024-09-18,19.25,19.38,19.47,19.16,104108.03
2024-09-19,19.4,19.09,19.52,18.98,247445.99
2024-09-20,19.04,19.04,19.11,18.71,182100.44
2024-09-23,18.98,19.23,19.23,18.96,124840.45
2024-09-24,19.36,20.03,20.08,19.23,261965.31
2024-09-25,20.6,20.61,21.29,20.6,364948.1
2024-09-26,20.58,22.12,22.15,20.51,389043.13
2024-09-27,22.99,23.18,23.33,22.46,267172.89
2024-09-30,24.43,25.04,25.36,24.13,835735.16
2024-10-08,27.54,25.14,27.54,24.46,949384.09
2024-10-09,24.81,23.08,24.81,22.77,618286.73
2024-10-10,23.08,23.92,24.49,22.84,411045.37
2024-10-11,23.76,23.83,24.24,23.61,263803.23
2024-10-14,24.07,24.69,25.05,24.07,455236.54
2024-10-15,24.62,24.4,25.06,24.26,286388.8
2024-10-16,24.14,24.52,25.06,24.05,346690.25
2024-10-17,24.76,23.93,24.92,23.9,265328.59
2024-10-18,23.92,24.08,24.44,23.31,301043.79
2024-10-21,24.08,24.06,24.19,23.52,240404.4
2024-10-22,24.14,24.16,24.17,23.83,148834.31
2024-10-23,24.19,24.41,24.55,24.09,204469.65
2024-10-24,24.31,24.05,24.46,23.97,93298.63
2024-10-25,24.06,24.38,24.58,24.05,182966.64
2024-10-28,24.39,25.2,25.33,24.37,438881.38
2024-10-29,25.17,25.08,25.48,24.74,215501.28
2024-10-30,24.81,25.66,25.93,24.76,438211.83
2024-10-31,25.93,25.63,25.94,25.27,235370.05
2024-11-01,25.52,25.67,25.99,25.47,218388.17
2024-11-04,25.7,25.46,25.79,25.1,181496.06
2024-11-05,25.47,25.91,26.06,25.37,226061.17
2024-11-06,25.94,25.69,26.01,25.34,215458.19
2024-11-07,25.56,26.54,26.58,25.53,309144.31
2024-11-08,26.64,25.98,26.71,25.89,251632.56
2024-11-11,25.82,25.44,25.82,25.25,213028.54
2024-11-12,25.37,25.25,25.76,25.13,221132.53
2024-11-13,25.12,25.16,25.51,25.02,175830.42
2024-11-14,25.38,25.05,25.62,25.02,181187.17
2024-11-15,25.05,24.59,25.19,24.59,149015.88
2024-11-18,24.93,25.25,25.89,24.93,296970.27
2024-11-19,25.25,24.9,25.39,24.46,200486.66
2024-11-20,24.98,24.97,25.12,24.78,104256.06
2024-11-21,24.95,24.74,25.21,24.68,103407.16
2024-11-22,24.73,24.25,24.86,24.25,123871.72
2024-11-25,24.24,24.14,24.56,24.06,107597.38
2024-11-26,24.07,24.06,24.37,23.93,92937.61
2024-11-27,24.08,24.58,24.58,23.99,122120.47
2024-11-28,24.5,24.59,24.8,24.32,133383.17
2024-11-29,24.81,24.58,24.9,24.43,143644.77
2024-12-02,24.71,24.56,24.76,24.4,225629.94
2024-12-03,24.52,24.94,25.0,24.52,179897.23
2024-12-04,24.91,24.77,24.91,24.57,135247.12
2024-12-05,24.62,24.52,24.72,24.26,148794.83
2024-12-06,24.6,24.76,24.87,24.55,148827.56
2024-12-09,24.72,24.43,24.86,24.26,177494.88
2024-12-10,25.1,24.65,25.36,24.53,253929.99
2024-12-11,24.74,24.57,24.97,24.51,179705.13
2024-12-12,24.57,25.0,25.06,24.4,202921.22
2024-12-13,24.87,25.01,25.15,24.63,251123.45
2024-12-16,24.92,23.73,24.97,23.66,402524.72
2024-12-17,23.71,23.57,23.91,23.52,175458.57
2024-12-18,23.69,23.53,24.08,23.49,133349.71
2024-12-19,23.4,23.42,23.53,23.24,121081.05
2024-12-20,23.47,23.12,23.52,23.1,139919.12
2024-12-23,23.03,23.09,23.37,23.01,145645.24
2024-12-24,23.09,23.38,23.49,23.04,103996.51
2024-12-25,23.31,23.49,23.52,23.24,90270.59
2024-12-26,23.45,22.9,23.48,22.63,213651.94
2024-12-27,22.92,23.02,23.1,22.78,133131.1
2024-12-30,22.99,22.98,23.23,22.82,143283.01
2024-12-31,23.06,22.78,23.2,22.78,153338.57
2025-01-02,22.77,22.37,23.09,22.27,173436.72
2025-01-03,22.45,22.45,22.74,22.38,148978.0
2025-01-06,22.45,22.59,22.7,22.3,116550.15
2025-01-07,22.46,22.8,22.8,22.4,128252.27
2025-01-08,22.76,22.75,23.03,22.57,133545.83
2025-01-09,22.68,22.9,23.12,22.34,116993.5
2025-01-10,22.95,22.73,23.05,22.64,102929.18
2025-01-13,22.64,22.81,23.1,22.47,122819.94
2025-01-14,22.69,22.92,22.95,22.56,148601.47
2025-01-15,22.86,23.16,23.25,22.6,147402.99
2025-01-16,23.17,23.49,23.57,23.17,145993.39
2025-01-17,23.57,23.58,23.74,23.23,119023.96
2025-01-20,23.69,23.53,23.72,23.26,117564.88
2025-01-21,23.53,23.42,23.69,23.33,78349.06
2025-01-22,23.42,23.37,23.52,23.27,76600.06
2025-01-23,23.44,23.45,23.75,23.36,119657.71
2025-01-24,23.43,23.41,23.75,23.37,115150.99
2025-01-27,23.47,23.85,24.0,23.43,152531.08
2025-02-05,23.86,22.73,23.93,22.72,216901.74
2025-02-06,22.71,22.79,22.92,22.64,130117.36
2025-02-07,22.81,22.95,23.09,22.61,141100.98
2025-02-10,22.9,23.05,23.18,22.86,114518.23
2025-02-11,23.04,23.01,23.23,22.85,80955.49
2025-02-12,23.02,22.79,23.1,22.61,152977.69
2025-02-13,22.78,23.09,23.35,22.73,208812.98
2025-02-14,23.15,22.83,23.21,22.78,144027.81
2025-02-17,22.83,22.49,22.89,22.46,178912.95
2025-02-18,22.49,22.41,22.62,22.28,135470.22
2025-02-19,22.42,22.31,22.54,22.21,132890.47
2025-02-20,22.22,22.14,22.31,22.08,119962.85
2025-02-21,22.07,21.72,22.16,21.66,249481.52
2025-02-24,21.65,21.71,21.93,21.53,208066.97
2025-02-25,21.65,21.55,21.94,21.5,187937.77
2025-02-26,21.51,21.71,21.84,21.51,148280.17
2025-02-27,21.72,22.09,22.32,21.72,236442.32
2025-02-28,22.18,22.28,22.51,22.08,251905.31
2025-03-03,22.31,22.33,22.58,22.22,158323.08
2025-03-04,22.32,22.23,22.32,22.03,131004.48
2025-03-05,22.34,23.0,23.17,22.19,402663.74
2025-03-06,23.12,22.95,23.14,22.76,183915.87
2025-03-07,22.92,23.08,23.13,22.81,140427.64
2025-03-10,23.18,23.14,23.32,22.83,157920.93
2025-03-11,22.9,23.18,23.18,22.79,131710.81
2025-03-12,23.18,22.89,23.18,22.83,118680.31
2025-03-13,22.9,23.16,23.28,22.9,130119.87
2025-03-14,23.15,23.34,23.4,23.07,146472.59
2025-03-17,23.4,24.19,24.28,23.39,303377.71
2025-03-18,24.11,23.83,24.17,23.81,139527.15
2025-03-19,23.91,23.8,24.02,23.61,120793.96
2025-03-20,23.85,23.63,23.85,23.56,105256.32
2025-03-21,23.63,23.87,24.29,23.58,222177.97
2025-03-24,23.83,23.71,24.03,23.62,164960.39
2025-03-25,23.57,23.27,23.64,22.9,275076.68
2025-03-26,23.35,23.58,23.63,23.1,128822.79
2025-03-27,23.66,23.72,23.94,23.47,141626.25
2025-03-28,23.82,23.57,23.82,23.33,107609.7
2025-03-31,23.78,23.27,24.0,23.17,182049.75
2025-04-01,23.25,23.18,23.45,23.09,143228.97
2025-04-02,23.18,23.06,23.32,23.06,110794.28
2025-04-03,23.0,23.14,23.7,22.96,233392.5
2025-04-07,22.42,22.66,22.93,21.95,432863.78
2025-04-08,22.98,23.78,23.82,22.87,461200.65
2025-04-09,23.67,24.43,24.43,23.24,419522.22
2025-04-10,24.89,24.62,24.89,24.05,293400.5
2025-04-11,24.72,24.51,24.73,24.03,222988.17
2025-04-14,24.28,24.11,24.48,24.04,212932.19
2025-04-15,24.05,24.31,24.31,23.83,176048.52
2025-04-16,24.27,24.43,24.43,23.93,181438.14
2025-04-17,24.31,24.26,24.46,24.09,129379.47
2025-04-18,24.13,24.06,24.36,23.96,125691.64
2025-04-21,24.03,23.83,24.09,23.71,128846.8
2025-04-22,23.94,24.05,24.2,23.73,128015.45
2025-04-23,24.03,23.83,24.08,23.73,111817.7
2025-04-24,23.85,23.84,24.11,23.81,100990.58
2025-04-25,23.93,23.54,23.99,23.54,138197.66
2025-04-28,23.57,23.51,23.77,23.42,84039.2
2025-04-29,23.52,23.4,23.58,23.3,82896.22
2025-04-30,23.44,23.07,23.47,22.95,149766.56
2025-05-06,23.1,23.01,23.19,22.92,146968.72
2025-05-07,23.27,23.09,23.37,22.99,182363.38
2025-05-08,23.01,22.92,23.1,22.85,149833.38
2025-05-09,22.92,22.99,23.05,22.71,174434.44
2025-05-12,22.99,22.76,22.99,22.73,235910.66
2025-05-13,22.84,22.9,23.05,22.8,190409.73
2025-05-14,22.86,23.05,23.07,22.8,147132.89
2025-05-15,22.99,22.83,23.12,22.83,138969.26
2025-05-16,22.87,22.54,22.92,22.43,206561.36
2025-05-19,22.51,22.49,22.67,22.46,136241.0
2025-05-20,22.55,22.47,22.6,22.39,144362.48
2025-05-21,22.48,22.77,22.83,22.47,166764.38
2025-05-22,22.71,22.76,22.83,22.59,91081.0
2025-05-23,22.71,22.62,22.92,22.62,131449.5
2025-05-26,22.55,22.13,22.61,22.06,195112.25
2025-05-27,22.14,22.13,22.23,22.07,96198.08
2025-05-28,22.14,22.13,22.19,22.06,72100.47
2025-05-29,22.13,22.15,22.22,22.08,123920.22
2025-05-30,22.11,22.25,22.37,22.08,146231.01
2025-06-03,22.23,21.82,22.32,21.79,313294.03
2025-06-04,21.84,22.06,22.19,21.83,188741.76
2025-06-05,22.06,21.84,22.17,21.78,193901.7
2025-06-06,21.89,21.96,22.06,21.84,129543.06
2025-06-09,21.89,21.86,21.98,21.85,161878.01
2025-06-10,21.88,21.77,21.98,21.72,177138.99
2025-06-11,21.79,21.8,21.92,21.76,159507.78
2025-06-12,21.77,21.59,21.78,21.56,213146.48
2025-06-13,21.56,21.41,21.66,21.4,215264.84
2025-06-16,21.36,21.24,21.47,21.2,197027.01
2025-06-17,21.3,21.31,21.36,21.18,177412.94
2025-06-18,21.31,21.12,21.35,21.11,154254.56
2025-06-19,21.11,20.84,21.17,20.78,234881.71
2025-06-20,20.88,20.78,21.07,20.77,155133.72
2025-06-23,20.73,20.67,20.78,20.59,183267.97
2025-06-24,20.71,21.05,21.07,20.69,185252.26
2025-06-25,21.06,21.16,21.2,20.98,169905.88
2025-06-26,21.2,21.21,21.36,21.08,222013.97
2025-06-27,21.41,21.22,21.41,21.13,195864.79
2025-06-30,21.22,21.25,21.32,21.12,142583.88
2025-07-01,21.25,21.21,21.28,21.14,114243.34
2025-07-02,21.21,21.9,21.93,21.19,372322.84
2025-07-03,21.95,22.05,22.23,21.87,309566.37
2025-07-04,22.05,21.93,22.17,21.87,203939.49
2025-07-07,21.94,22.04,22.17,21.93,181770.49
2025-07-08,22.04,22.15,22.41,21.94,206828.14
2025-07-09,22.22,22.19,22.52,22.15,271407.2
2025-07-10,22.2,22.42,22.69,22.12,324059.29
2025-07-11,22.46,22.37,22.61,22.35,255802.63
2025-07-14,22.52,22.93,23.07,22.48,438347.47
2025-07-15,22.98,22.37,23.12,22.32,399206.21
2025-07-16,22.37,22.1,22.5,21.83,434978.38
2025-07-17,22.05,22.12,22.19,21.99,203343.2
2025-07-18,22.22,22.22,22.34,22.08,163934.44
2025-07-21,23.63,24.45,24.45,22.8,1790809.23
2025-07-22,25.47,26.89,26.89,25.46,2706172.82
2025-07-23,27.71,24.79,27.71,24.79,2236343.82
2025-07-24,24.52,24.98,25.53,24.42,1246516.66
2025-07-25,24.99,24.14,25.09,24.12,1066574.94
2025-07-28,24.15,24.05,24.25,23.8,574086.03
2025-07-29,24.06,23.95,24.41,23.68,763706.94
2025-07-30,23.8,23.98,24.25,23.75,577622.32
2025-07-31,23.85,23.31,23.86,23.16,632399.38
2025-08-01,23.26,23.16,23.37,23.12,301382.82
2025-08-04,23.09,23.22,23.26,22.93,333878.24
2025-08-05,23.23,23.14,23.31,23.08,277311.38
2025-08-06,23.16,23.13,23.2,23.02,253628.49
2025-08-07,23.59,23.76,23.85,23.36,654872.46
2025-08-08,23.63,23.99,24.1,23.53,511368.98
2025-08-11,24.14,24.16,24.31,23.93,452176.98
2025-08-12,24.16,24.03,24.2,23.99,282785.83
2025-08-13,24.1,24.03,24.2,23.93,332193.37
2025-08-14,24.03,23.95,24.51,23.93,353677.03
2025-08-15,23.89,23.88,24.25,23.77,408470.23
2025-08-18,24.0,23.95,24.18,23.9,429366.14
2025-08-19,23.95,23.6,24.03,23.6,414999.63
2025-08-20,23.48,23.78,23.8,23.41,248242.51
2025-08-21,23.81,23.94,24.24,23.75,362278.78
2025-08-22,23.91,24.04,24.05,23.78,263132.05
2025-08-25,24.04,24.46,24.58,24.03,489796.77
2025-08-26,24.5,24.48,24.61,24.15,329120.94
2025-08-27,24.89,24.37,25.34,24.34,740413.43
2025-08-28,24.43,24.34,24.58,23.9,354143.73
2025-08-29,24.44,24.1,24.7,24.08,469123.26
2025-09-01,24.24,24.06,24.39,24.01,405781.98
2025-09-02,24.06,23.91,24.2,23.79,269204.81
2025-09-03,23.91,23.5,23.96,23.3,301395.27
2025-09-04,23.49,23.42,23.49,23.18,255035.34
2025-09-05,23.41,23.53,23.54,23.21,256268.84
2025-09-08,23.57,23.87,23.96,23.52,360966.3
2025-09-09,23.85,24.26,24.36,23.67,431274.85
2025-09-10,24.19,23.83,24.19,23.77,234775.52
2025-09-11,23.76,23.89,23.89,23.7,234569.63
2025-09-12,23.87,23.58,24.34,23.41,605256.95
2025-09-15,23.52,23.55,23.74,23.4,295635.44
2025-09-16,23.55,23.29,23.65,23.21,276271.17
2025-09-17,23.22,23.3,23.36,23.12,226114.0
2025-09-18,23.28,22.82,23.34,22.69,395981.32
2025-09-19,22.77,23.07,23.16,22.68,323199.97
2025-09-22,23.07,22.74,23.07,22.62,238351.5
2025-09-23,22.75,22.87,22.91,22.45,279516.46
2025-09-24,22.88,22.9,22.96,22.68,214065.31
2025-09-25,23.2,22.97,23.42,22.94,305005.88
2025-09-26,22.91,22.93,23.08,22.7,215978.43
2025-09-29,22.96,23.11,23.16,22.63,297991.18
2025-09-30,23.16,23.22,23.4,23.02,244552.68
