date,open,close,high,low,volume
2020-01-02,2.79,2.81,2.82,2.77,276279.9
2020-01-03,2.8,2.92,3.0,2.79,721226.13
2020-01-06,3.09,3.09,3.14,3.0,1048310.29
2020-01-07,3.01,3.01,3.03,2.97,547708.98
2020-01-08,3.14,3.11,3.15,3.04,1000577.11
2020-01-09,2.91,2.97,3.0,2.89,670941.87
2020-01-10,2.95,2.9,2.96,2.88,382016.87
2020-01-13,2.88,2.9,2.9,2.85,216106.75
2020-01-14,2.89,2.9,2.92,2.86,243261.39
2020-01-15,2.88,2.82,2.88,2.81,260846.49
2020-01-16,2.81,2.83,2.85,2.8,163721.55
2020-01-17,2.83,2.8,2.84,2.8,124944.56
2020-01-20,2.8,2.85,2.86,2.8,188982.51
2020-01-21,2.84,2.81,2.85,2.8,180838.4
2020-01-22,2.8,2.78,2.81,2.73,176175.6
2020-01-23,2.75,2.67,2.75,2.61,367316.25
2020-02-03,2.4,2.4,2.4,2.4,49438.0
2020-02-04,2.16,2.25,2.29,2.16,527861.85
2020-02-05,2.24,2.29,2.33,2.22,311166.35
2020-02-06,2.33,2.33,2.35,2.3,297974.92
2020-02-07,2.31,2.31,2.32,2.28,257038.34
2020-02-10,2.28,2.36,2.37,2.27,312174.06
2020-02-11,2.35,2.39,2.43,2.34,315397.32
2020-02-12,2.39,2.41,2.42,2.36,209961.03
2020-02-13,2.43,2.38,2.48,2.37,236412.91
2020-02-14,2.37,2.39,2.4,2.36,138295.5
2020-02-17,2.4,2.45,2.45,2.39,247094.97
2020-02-18,2.45,2.47,2.48,2.43,306713.42
2020-02-19,2.46,2.46,2.52,2.44,293744.56
2020-02-20,2.48,2.55,2.56,2.48,408799.12
2020-02-21,2.53,2.55,2.56,2.51,347172.67
2020-02-24,2.51,2.49,2.52,2.45,395479.01
2020-02-25,2.41,2.43,2.44,2.36,450858.35
2020-02-26,2.39,2.46,2.51,2.37,524138.08
2020-02-27,2.44,2.44,2.47,2.42,357719.05
2020-02-28,2.38,2.32,2.4,2.28,461794.4
2020-03-02,2.32,2.4,2.41,2.31,285068.29
2020-03-03,2.46,2.41,2.47,2.4,353841.5
2020-03-04,2.38,2.45,2.45,2.37,303569.14
2020-03-05,2.47,2.52,2.52,2.45,490992.34
2020-03-06,2.49,2.54,2.55,2.47,412700.01
2020-03-09,2.41,2.42,2.47,2.38,471723.66
2020-03-10,2.38,2.45,2.45,2.35,346325.87
2020-03-11,2.48,2.55,2.7,2.45,1330178.46
2020-03-12,2.45,2.41,2.5,2.38,736906.37
2020-03-13,2.28,2.65,2.65,2.24,1368883.36
2020-03-16,2.72,2.53,2.75,2.51,1550051.04
2020-03-17,2.48,2.49,2.55,2.37,747828.37
2020-03-18,2.45,2.39,2.5,2.38,555009.49
2020-03-19,2.37,2.38,2.4,2.32,389468.2
2020-03-20,2.44,2.45,2.5,2.4,432911.88
2020-03-23,2.34,2.37,2.44,2.33,352898.05
2020-03-24,2.4,2.39,2.42,2.32,311327.9
2020-03-25,2.42,2.43,2.45,2.38,431767.93
2020-03-26,2.41,2.37,2.42,2.36,310464.37
2020-03-27,2.39,2.35,2.4,2.35,245585.46
2020-03-30,2.31,2.28,2.31,2.27,256314.49
2020-03-31,2.3,2.3,2.36,2.29,235627.85
2020-04-01,2.28,2.28,2.31,2.27,162473.6
2020-04-02,2.28,2.41,2.44,2.27,497319.56
2020-04-03,2.42,2.38,2.43,2.36,388571.84
2020-04-07,2.4,2.43,2.49,2.39,490405.7
2020-04-08,2.41,2.41,2.47,2.39,398705.63
2020-04-09,2.44,2.43,2.45,2.4,334551.67
2020-04-10,2.41,2.39,2.42,2.34,362468.74
2020-04-13,2.39,2.37,2.42,2.35,234865.5
2020-04-14,2.37,2.38,2.39,2.34,172991.9
2020-04-15,2.36,2.34,2.37,2.34,183896.21
2020-04-16,2.49,2.57,2.57,2.46,686783.24
2020-04-17,2.57,2.44,2.58,2.39,1145414.1
2020-04-20,2.38,2.38,2.41,2.36,458328.6
2020-04-21,2.35,2.36,2.37,2.31,438705.14
2020-04-22,2.32,2.34,2.35,2.3,252764.61
2020-04-23,2.37,2.38,2.43,2.34,524711.19
2020-04-24,2.38,2.32,2.38,2.3,345555.93
2020-04-27,2.3,2.28,2.32,2.27,206364.81
2020-04-28,2.26,2.15,2.28,2.1,380910.5
2020-04-29,2.15,2.1,2.18,2.1,309921.66
2020-04-30,2.13,2.16,2.16,2.1,402137.9
2020-05-06,2.15,2.13,2.16,2.1,591740.36
2020-05-07,2.12,2.11,2.13,2.1,269435.42
2020-05-08,2.12,2.14,2.14,2.11,331462.94
2020-05-11,2.13,2.12,2.14,2.11,197868.55
2020-05-12,2.11,2.1,2.12,2.06,248300.6
2020-05-13,2.09,2.11,2.12,2.07,188228.1
2020-05-14,2.09,2.09,2.11,2.08,144885.68
2020-05-15,2.1,2.08,2.1,2.07,157800.35
2020-05-18,2.09,2.08,2.1,2.07,149984.67
2020-05-19,2.1,2.09,2.12,2.08,184104.5
2020-05-20,2.08,2.05,2.09,2.04,252938.64
2020-05-21,2.05,2.01,2.07,2.01,234690.38
2020-05-22,2.0,1.93,2.0,1.9,376734.3
2020-05-25,1.92,1.84,1.92,1.83,344658.56
2020-05-26,1.84,1.93,1.94,1.84,339004.64
2020-05-27,1.93,1.89,1.93,1.89,225676.1
2020-05-28,1.9,1.89,1.91,1.87,161070.87
2020-05-29,1.89,1.91,1.93,1.86,226427.41
2020-06-01,1.9,1.98,1.98,1.89,381768.55
2020-06-02,2.17,2.04,2.18,2.04,926265.08
2020-06-03,2.05,2.01,2.05,1.99,488268.37
2020-06-04,2.01,1.97,2.01,1.97,251399.0
2020-06-05,1.98,2.0,2.02,1.95,228007.0
2020-06-08,1.98,2.03,2.04,1.97,387360.2
2020-06-09,2.02,1.99,2.02,1.98,251824.0
2020-06-10,1.98,1.95,1.98,1.94,219237.15
2020-06-11,1.92,1.91,1.94,1.9,255544.44
2020-06-12,1.87,1.9,1.9,1.85,289102.09
2020-06-15,1.88,1.88,1.91,1.87,181070.67
2020-06-16,1.89,1.91,1.91,1.88,192339.51
2020-06-17,1.9,1.89,1.91,1.87,161374.9
2020-06-18,1.89,1.92,1.94,1.87,229279.1
2020-06-19,1.91,1.89,1.92,1.89,177355.18
2020-06-22,1.89,1.89,1.9,1.88,140857.99
2020-06-23,1.88,1.86,1.89,1.85,208771.33
2020-06-24,1.86,1.85,1.87,1.84,168175.43
2020-06-29,1.84,1.81,1.84,1.81,172354.7
2020-06-30,1.83,1.86,1.87,1.82,215614.32
2020-07-01,1.85,1.86,1.86,1.83,150725.88
2020-07-02,1.85,1.9,1.92,1.84,361507.95
2020-07-03,1.9,1.95,1.96,1.89,477069.04
2020-07-06,1.97,2.06,2.07,1.95,741642.39
2020-07-07,2.08,2.04,2.12,2.02,645360.56
2020-07-08,2.01,2.07,2.11,2.0,716540.22
2020-07-09,2.1,2.17,2.21,2.06,857755.67
2020-07-10,2.17,2.09,2.17,2.08,603554.34
2020-07-13,2.09,2.14,2.17,2.09,420638.84
2020-07-14,2.14,2.12,2.16,2.06,434118.4
2020-07-15,2.13,2.07,2.14,2.04,339446.81
2020-07-16,2.05,1.99,2.06,1.99,434277.83
2020-07-17,1.98,1.96,2.0,1.93,292372.01
2020-07-20,1.97,2.04,2.04,1.96,302931.57
2020-07-21,2.04,2.01,2.05,2.0,252789.23
2020-07-22,2.03,2.07,2.09,2.02,453226.89
2020-07-23,2.05,2.03,2.06,1.99,313480.67
2020-07-24,2.03,1.99,2.04,1.95,325470.57
2020-07-27,1.98,1.96,2.0,1.93,206708.79
2020-07-28,1.97,1.99,2.0,1.97,174289.65
2020-07-29,1.98,2.01,2.02,1.96,167145.89
2020-07-30,2.03,2.05,2.06,2.01,289954.26
2020-07-31,2.04,2.03,2.05,2.0,271541.52
2020-08-03,2.03,2.07,2.08,2.02,410319.05
2020-08-04,2.07,2.05,2.07,2.02,302057.62
2020-08-05,2.04,2.07,2.11,2.0,438851.06
2020-08-06,2.07,2.07,2.09,2.03,335486.69
2020-08-07,2.06,2.12,2.15,2.04,699241.83
2020-08-10,2.1,2.14,2.15,2.09,487525.01
2020-08-11,2.13,2.13,2.22,2.1,606046.63
2020-08-12,2.09,2.23,2.29,2.05,859688.85
2020-08-13,2.2,2.25,2.3,2.18,717012.24
2020-08-14,2.2,2.19,2.23,2.14,504519.6
2020-08-17,2.18,2.18,2.19,2.15,435089.81
2020-08-18,2.17,2.19,2.21,2.15,394295.63
2020-08-19,2.18,2.17,2.21,2.14,352069.6
2020-08-20,2.17,2.13,2.18,2.11,314277.23
2020-08-21,2.13,2.13,2.15,2.1,252994.3
2020-08-24,2.13,2.12,2.14,2.1,188997.45
2020-08-25,2.12,2.09,2.13,2.07,240946.9
2020-08-26,2.09,2.06,2.11,2.06,218703.8
2020-08-27,2.06,2.09,2.11,2.03,220657.57
2020-08-28,2.09,2.07,2.09,2.04,255350.3
2020-08-31,2.06,2.06,2.09,2.05,187874.26
2020-09-01,2.06,2.06,2.07,2.04,138504.71
2020-09-02,2.06,2.05,2.07,2.03,160202.18
2020-09-03,2.05,2.07,2.09,2.04,235710.21
2020-09-04,2.05,2.1,2.11,2.03,290146.91
2020-09-07,2.1,2.11,2.15,2.09,354068.44
2020-09-08,2.09,2.23,2.26,2.09,704974.3
2020-09-09,2.2,2.28,2.33,2.19,1176451.95
2020-09-10,2.27,2.1,2.28,2.06,810134.31
2020-09-11,2.08,2.06,2.11,2.04,388270.22
2020-09-14,2.07,2.07,2.09,2.06,193249.0
2020-09-15,2.07,2.08,2.09,2.04,224183.97
2020-09-16,2.08,2.11,2.14,2.06,317103.95
2020-09-17,2.13,2.1,2.16,2.09,285132.36
2020-09-18,2.1,2.1,2.11,2.06,231913.7
2020-09-21,2.1,2.08,2.1,2.06,152075.5
2020-09-22,2.06,2.05,2.08,2.04,165703.0
2020-09-23,2.05,2.06,2.07,2.04,84776.0
2020-09-24,2.05,1.99,2.05,1.99,171964.18
2020-09-25,2.0,1.99,2.01,1.97,101616.13
2020-09-28,1.98,1.97,1.99,1.96,88515.19
2020-09-29,1.97,1.98,2.0,1.96,79859.0
2020-09-30,1.99,1.96,1.99,1.95,75039.82
2020-10-09,1.98,2.0,2.01,1.98,94299.8
2020-10-12,2.0,2.05,2.06,1.99,148602.58
2020-10-13,2.04,2.02,2.04,2.01,104026.51
2020-10-14,2.02,2.0,2.03,1.99,94132.3
2020-10-15,2.0,1.98,2.01,1.98,96388.7
2020-10-16,1.98,2.0,2.02,1.97,145906.15
2020-10-19,2.0,1.99,2.02,1.98,113421.71
2020-10-20,1.99,2.0,2.0,1.96,64580.96
2020-10-21,2.0,1.97,2.0,1.96,100440.25
2020-10-22,1.96,1.95,1.97,1.94,90194.6
2020-10-23,1.96,1.95,1.97,1.95,74844.7
2020-10-26,1.95,1.92,1.95,1.92,112232.44
2020-10-27,1.92,1.91,1.93,1.88,114565.62
2020-10-28,1.9,1.9,1.9,1.86,97796.6
2020-10-29,1.87,1.86,1.87,1.85,150484.2
2020-10-30,1.85,1.81,1.86,1.81,180860.0
2020-11-02,1.81,1.77,1.81,1.74,203929.91
2020-11-03,1.77,1.82,1.83,1.76,132195.11
2020-11-04,1.82,1.81,1.84,1.79,96001.5
2020-11-05,1.82,1.83,1.83,1.81,105315.0
2020-11-06,1.83,1.83,1.86,1.82,100662.39
2020-11-09,1.84,1.86,1.87,1.83,123965.7
2020-11-10,1.93,1.88,1.96,1.87,305901.61
2020-11-11,1.88,1.89,1.93,1.86,185301.07
2020-11-12,1.88,1.9,1.94,1.87,186521.44
2020-11-13,1.89,1.9,1.91,1.88,129567.41
2020-11-16,1.9,1.95,1.96,1.9,247377.77
2020-11-17,1.95,1.91,1.98,1.91,268089.4
2020-11-18,1.9,1.92,1.96,1.89,211185.1
2020-11-19,1.93,1.91,1.95,1.9,163925.0
2020-11-20,1.91,1.94,1.96,1.89,213762.35
2020-11-23,1.93,1.98,2.01,1.93,356920.39
2020-11-24,1.98,2.04,2.04,1.97,392886.7
2020-11-25,2.08,2.12,2.24,2.07,1713945.34
2020-11-26,1.98,1.96,2.03,1.92,1014562.07
2020-11-27,1.95,1.94,1.97,1.91,451244.15
2020-11-30,1.93,1.93,1.97,1.92,370969.49
2020-12-01,1.92,1.93,1.94,1.9,303584.07
2020-12-02,1.92,1.95,1.96,1.9,343574.72
2020-12-03,1.94,2.01,2.08,1.94,744883.79
2020-12-04,1.99,2.08,2.15,1.96,856976.77
2020-12-07,2.06,2.06,2.14,2.04,540644.37
2020-12-08,2.04,2.01,2.1,2.0,396333.56
2020-12-09,2.01,1.99,2.03,1.98,297854.82
2020-12-10,1.99,2.0,2.02,1.97,243477.84
2020-12-11,2.05,2.0,2.07,1.97,341673.6
2020-12-14,1.97,1.97,2.0,1.95,224512.72
2020-12-15,1.96,1.89,1.96,1.88,391553.84
2020-12-16,1.89,1.86,1.9,1.84,180678.27
2020-12-17,1.86,1.91,1.92,1.84,222860.8
2020-12-18,1.91,1.93,1.95,1.91,198048.98
2020-12-21,1.93,1.91,1.94,1.9,172690.23
2020-12-22,1.9,1.85,1.9,1.85,239474.3
2020-12-23,1.83,1.85,1.87,1.83,155908.1
2020-12-24,1.86,1.87,1.88,1.83,211702.39
2020-12-25,1.86,1.87,1.93,1.85,417695.3
2020-12-28,1.87,1.84,1.87,1.83,226950.1
2020-12-29,1.85,1.83,1.86,1.81,222978.64
2020-12-30,1.83,1.81,1.83,1.8,215264.84
2020-12-31,1.82,1.79,1.83,1.78,330902.56
2021-01-04,1.82,1.79,1.86,1.78,664576.86
2021-01-05,1.77,1.78,1.79,1.75,299011.79
2021-01-06,1.8,1.81,1.87,1.8,464764.24
2021-01-07,1.8,1.79,1.82,1.77,331712.61
2021-01-08,1.78,1.76,1.79,1.73,293247.04
2021-01-11,1.77,1.69,1.77,1.68,366640.62
2021-01-12,1.69,1.68,1.7,1.67,185305.01
2021-01-13,1.69,1.67,1.71,1.65,178037.2
2021-01-14,1.66,1.66,1.67,1.61,255717.76
2021-01-15,1.65,1.69,1.69,1.65,192305.56
2021-01-18,1.67,1.69,1.71,1.66,171176.7
2021-01-19,1.68,1.72,1.73,1.66,280679.26
2021-01-20,1.71,1.7,1.73,1.67,298184.46
2021-01-21,1.7,1.72,1.77,1.69,557565.63
2021-01-22,1.7,1.65,1.7,1.62,407750.01
2021-01-25,1.64,1.61,1.65,1.6,275442.8
2021-01-26,1.61,1.59,1.62,1.58,219769.9
2021-01-27,1.58,1.59,1.61,1.58,176280.49
2021-01-28,1.58,1.58,1.6,1.56,164623.2
2021-01-29,1.59,1.52,1.6,1.5,308466.18
2021-02-01,1.6,1.67,1.67,1.58,631562.08
2021-02-02,1.7,1.64,1.73,1.63,825738.88
2021-02-03,1.62,1.65,1.68,1.62,463459.57
2021-02-04,1.65,1.62,1.65,1.56,424193.69
2021-02-05,1.6,1.58,1.64,1.56,290719.93
2021-02-08,1.57,1.59,1.61,1.55,250174.5
2021-02-09,1.59,1.68,1.75,1.59,678581.2
2021-02-10,1.65,1.77,1.85,1.64,788617.37
2021-02-18,1.95,1.95,1.95,1.95,231488.38
2021-02-19,2.1,1.96,2.1,1.92,1709245.16
2021-02-22,1.93,2.16,2.16,1.93,2559726.88
2021-02-23,2.16,2.11,2.29,2.08,2377136.28
2021-02-24,2.04,2.0,2.09,1.98,1284247.19
2021-02-25,2.07,2.01,2.13,1.98,1064515.14
2021-02-26,1.93,1.93,1.96,1.89,743811.46
2021-03-01,1.95,1.96,1.96,1.89,688921.74
2021-03-02,1.92,1.91,1.94,1.88,533107.09
2021-03-03,1.9,1.95,1.95,1.88,502766.9
2021-03-04,1.95,2.01,2.08,1.94,1022659.73
2021-03-05,2.1,2.07,2.19,2.03,1148141.47
2021-03-08,2.15,2.18,2.26,2.11,1656952.79
2021-03-09,2.11,2.05,2.12,1.97,1193739.38
2021-03-10,2.02,1.96,2.05,1.95,574026.48
2021-03-11,1.97,2.04,2.04,1.97,558396.45
2021-03-12,2.05,2.04,2.08,2.01,598797.24
2021-03-15,2.02,2.08,2.13,1.98,747094.27
2021-03-16,2.04,2.05,2.07,2.03,481313.55
2021-03-17,2.04,2.03,2.05,1.99,499842.2
2021-03-18,2.03,1.99,2.03,1.98,451999.25
2021-03-19,1.91,1.95,1.97,1.89,570106.39
2021-03-22,1.93,1.98,1.99,1.92,350564.15
2021-03-23,1.98,1.92,1.98,1.91,374336.8
2021-03-24,1.89,1.89,1.92,1.87,355569.28
2021-03-25,1.92,1.89,1.93,1.89,337141.09
2021-03-26,1.87,1.93,1.93,1.86,360847.52
2021-03-29,1.94,1.97,2.0,1.92,524756.54
2021-03-30,1.96,1.93,1.96,1.92,339045.29
2021-03-31,1.91,1.92,1.94,1.89,312512.94
2021-04-01,1.95,1.92,1.95,1.9,260920.0
2021-04-02,1.93,1.91,1.94,1.9,189587.12
2021-04-06,1.9,1.94,1.97,1.9,381896.8
2021-04-07,1.94,1.97,1.98,1.93,456093.97
2021-04-08,1.98,1.96,1.99,1.95,425398.23
2021-04-09,1.95,2.07,2.14,1.93,1280534.88
2021-04-12,2.08,2.12,2.17,2.06,1320923.95
2021-04-13,2.1,2.03,2.11,2.01,785045.82
2021-04-14,2.02,2.04,2.07,1.99,523785.83
2021-04-15,2.06,2.06,2.11,2.04,548151.73
2021-04-16,2.04,2.1,2.12,2.02,665935.65
2021-04-19,2.08,2.07,2.12,2.06,595997.07
2021-04-20,2.07,2.02,2.09,2.02,449427.0
2021-04-21,2.01,2.02,2.04,1.98,371337.91
2021-04-22,2.02,2.0,2.04,1.99,291022.0
2021-04-23,1.99,1.94,2.0,1.93,431392.47
2021-04-26,1.94,1.93,1.96,1.91,301807.97
2021-04-27,1.94,1.91,1.95,1.9,255576.28
2021-04-28,1.9,1.96,1.97,1.89,312403.73
2021-04-29,1.97,1.98,1.99,1.93,320274.8
2021-04-30,1.95,1.91,1.96,1.9,414364.58
2021-05-06,1.92,1.98,2.0,1.92,549945.99
2021-05-07,1.97,2.04,2.06,1.96,663175.2
2021-05-10,2.04,2.12,2.13,2.04,1004746.13
2021-05-11,2.07,2.04,2.07,2.01,732616.84
2021-05-12,2.07,2.24,2.24,2.06,1700723.65
2021-05-13,2.31,2.19,2.39,2.17,2405873.68
2021-05-14,2.16,2.15,2.23,2.13,1328693.64
2021-05-17,2.14,2.11,2.19,2.1,819909.6
2021-05-18,2.11,2.32,2.32,2.11,1239506.93
2021-05-19,2.3,2.26,2.39,2.25,2174067.67
2021-05-20,2.19,2.38,2.47,2.19,2058841.4
2021-05-21,2.34,2.32,2.37,2.29,1208505.42
2021-05-24,2.31,2.31,2.39,2.27,809533.0
2021-05-25,2.34,2.3,2.37,2.27,835977.7
2021-05-26,2.28,2.24,2.29,2.21,790702.05
2021-05-27,2.23,2.25,2.36,2.22,764660.42
2021-05-28,2.28,2.3,2.33,2.24,945416.28
2021-05-31,2.31,2.25,2.33,2.21,714680.22
2021-06-01,2.26,2.48,2.48,2.22,2265971.98
2021-06-02,2.5,2.47,2.61,2.42,2557419.94
2021-06-03,2.47,2.49,2.53,2.43,1523329.18
2021-06-04,2.45,2.39,2.46,2.35,1134392.32
2021-06-07,2.43,2.35,2.46,2.34,850963.04
2021-06-08,2.34,2.38,2.4,2.32,670790.12
2021-06-09,2.42,2.62,2.62,2.37,1434258.84
2021-06-10,2.62,2.51,2.63,2.5,1734541.65
2021-06-11,2.55,2.76,2.76,2.53,2182753.3
2021-06-15,2.8,2.78,3.0,2.72,3060160.47
2021-06-16,2.9,2.85,2.96,2.75,1992823.59
2021-06-17,2.68,2.78,2.8,2.57,1711153.1
2021-06-18,2.7,2.64,2.72,2.57,1462183.47
2021-06-21,2.64,2.72,2.82,2.64,1436725.28
2021-06-22,2.84,2.74,2.87,2.7,1362895.42
2021-06-23,2.72,2.71,2.75,2.63,1061376.64
2021-06-24,2.68,2.63,2.68,2.61,754494.61
2021-06-25,2.64,2.66,2.7,2.62,726838.13
2021-06-28,2.69,2.61,2.71,2.59,622431.14
2021-06-29,2.62,2.47,2.63,2.46,975490.95
2021-06-30,2.49,2.46,2.51,2.39,746097.31
2021-07-01,2.46,2.39,2.47,2.39,512266.6
2021-07-02,2.45,2.43,2.55,2.42,809287.52
2021-07-05,2.39,2.49,2.49,2.36,592131.78
2021-07-06,2.55,2.54,2.59,2.51,918472.6
2021-07-07,2.45,2.46,2.48,2.4,702594.1
2021-07-08,2.4,2.34,2.41,2.32,958116.76
2021-07-09,2.34,2.39,2.4,2.31,565729.16
2021-07-12,2.41,2.38,2.43,2.37,513162.2
2021-07-13,2.38,2.41,2.42,2.33,584187.45
2021-07-14,2.4,2.38,2.45,2.38,530321.83
2021-07-15,2.33,2.34,2.35,2.26,558381.61
2021-07-16,2.31,2.35,2.38,2.29,440907.0
2021-07-19,2.35,2.33,2.36,2.3,392216.0
2021-07-20,2.25,2.29,2.29,2.22,493038.16
2021-07-21,2.28,2.27,2.3,2.25,396323.43
2021-07-22,2.32,2.33,2.38,2.31,611107.46
2021-07-23,2.31,2.38,2.49,2.3,805653.3
2021-07-26,2.37,2.34,2.41,2.3,514649.6
2021-07-27,2.33,2.37,2.46,2.33,834916.88
2021-07-28,2.36,2.26,2.37,2.21,590827.12
2021-07-29,2.26,2.27,2.29,2.22,423113.8
2021-07-30,2.25,2.29,2.3,2.23,424718.79
2021-08-02,2.27,2.29,2.29,2.22,406760.5
2021-08-03,2.25,2.31,2.35,2.24,541439.68
2021-08-04,2.29,2.35,2.36,2.29,560653.0
2021-08-05,2.33,2.29,2.36,2.27,403690.63
2021-08-06,2.3,2.3,2.33,2.27,346204.08
2021-08-09,2.29,2.3,2.32,2.27,324317.9
2021-08-10,2.29,2.37,2.43,2.28,706690.95
2021-08-11,2.44,2.5,2.51,2.39,1009837.21
2021-08-12,2.48,2.49,2.56,2.46,719542.88
2021-08-13,2.48,2.48,2.5,2.44,477342.6
2021-08-16,2.48,2.51,2.54,2.47,654923.98
2021-08-17,2.5,2.44,2.56,2.43,807863.25
2021-08-18,2.43,2.5,2.53,2.42,561735.54
2021-08-19,2.48,2.41,2.48,2.36,624067.02
2021-08-20,2.4,2.42,2.44,2.38,424922.14
2021-08-23,2.43,2.6,2.61,2.42,1117842.48
2021-08-24,2.61,2.63,2.65,2.57,948750.02
2021-08-25,2.62,2.67,2.69,2.59,721441.87
2021-08-26,2.64,2.7,2.79,2.62,1144630.47
2021-08-27,2.8,2.79,2.84,2.72,1327909.38
2021-08-30,2.84,2.77,2.9,2.76,1184674.71
2021-08-31,2.76,2.89,2.94,2.71,1338948.75
2021-09-01,2.86,2.77,2.9,2.73,1173949.12
2021-09-02,2.75,2.9,2.92,2.74,1083193.55
2021-09-03,2.91,2.88,3.05,2.85,1142258.89
2021-09-06,2.91,3.0,3.08,2.84,1581889.17
2021-09-07,3.0,3.09,3.12,2.95,1597899.2
2021-09-08,3.0,3.02,3.07,2.97,1397158.9
2021-09-09,3.08,3.32,3.32,3.06,1720032.39
2021-09-10,3.36,3.21,3.48,3.18,2932324.94
2021-09-13,3.2,3.33,3.39,3.15,2270758.73
2021-09-14,3.44,3.53,3.66,3.34,3377096.01
2021-09-15,3.43,3.88,3.88,3.4,2520813.03
2021-09-16,4.0,3.92,4.18,3.84,3995451.05
2021-09-17,3.76,4.23,4.31,3.73,3655354.79
2021-09-22,4.1,4.16,4.24,3.81,2989134.27
2021-09-23,4.09,3.8,4.16,3.78,2613859.71
2021-09-24,3.86,3.86,4.12,3.8,2092719.52
2021-09-27,3.98,3.54,4.02,3.5,2113188.21
2021-09-28,3.69,3.89,3.89,3.64,2555300.71
2021-09-29,3.77,3.53,3.78,3.51,2317922.74
2021-09-30,3.52,3.58,3.62,3.43,1454297.83
2021-10-08,3.77,3.8,3.86,3.67,2155069.59
2021-10-11,3.8,3.74,3.87,3.58,1521687.67
2021-10-12,3.7,3.53,3.83,3.45,1641601.85
2021-10-13,3.43,3.21,3.45,3.18,1684244.68
2021-10-14,3.18,3.2,3.25,3.08,939547.67
2021-10-15,3.2,3.26,3.28,3.1,1044470.76
2021-10-18,3.2,3.42,3.46,3.18,1401640.87
2021-10-19,3.36,3.44,3.48,3.32,1283452.93
2021-10-20,3.35,3.38,3.45,3.3,958481.0
2021-10-21,3.46,3.37,3.49,3.36,1277618.9
2021-10-22,3.35,3.25,3.47,3.24,1196617.48
2021-10-25,3.34,3.44,3.52,3.27,1660428.97
2021-10-26,3.52,3.47,3.58,3.42,1208766.94
2021-10-27,3.43,3.36,3.47,3.32,816610.9
2021-10-28,3.32,3.12,3.32,3.06,1095408.57
2021-10-29,2.97,3.02,3.05,2.88,1238049.16
2021-11-01,2.98,2.9,3.02,2.89,927338.53
2021-11-02,2.93,2.8,2.97,2.74,1070444.85
2021-11-03,2.78,2.75,2.8,2.7,718104.4
2021-11-04,2.72,2.72,2.73,2.67,746292.8
2021-11-05,2.71,2.59,2.71,2.56,1052038.31
2021-11-08,2.63,2.6,2.68,2.58,824609.63
2021-11-09,2.58,2.56,2.61,2.52,632781.73
2021-11-10,2.59,2.53,2.59,2.46,660923.4
2021-11-11,2.49,2.51,2.54,2.47,553421.63
2021-11-12,2.52,2.52,2.54,2.47,613317.02
2021-11-15,2.52,2.53,2.53,2.47,626125.53
2021-11-16,2.53,2.57,2.65,2.49,1396590.5
2021-11-17,2.54,2.54,2.55,2.49,778506.05
2021-11-18,2.51,2.49,2.56,2.49,646734.57
2021-11-19,2.48,2.57,2.57,2.37,1211315.58
2021-11-22,2.54,2.52,2.56,2.49,613668.45
2021-11-23,2.53,2.53,2.58,2.5,620934.11
2021-11-24,2.56,2.58,2.65,2.56,842130.75
2021-11-25,2.58,2.52,2.59,2.52,556633.32
2021-11-26,2.51,2.48,2.52,2.47,422583.22
2021-11-29,2.39,2.43,2.45,2.35,523379.16
2021-11-30,2.42,2.41,2.47,2.39,519686.68
2021-12-01,2.4,2.5,2.51,2.38,658357.89
2021-12-02,2.49,2.47,2.53,2.46,545477.33
2021-12-03,2.47,2.49,2.52,2.43,515569.93
2021-12-06,2.49,2.52,2.55,2.48,659491.0
2021-12-07,2.54,2.51,2.55,2.46,517554.34
2021-12-08,2.52,2.55,2.55,2.5,594204.29
2021-12-09,2.55,2.54,2.57,2.52,524463.57
2021-12-10,2.53,2.48,2.53,2.47,542363.34
2021-12-13,2.49,2.5,2.52,2.48,436941.36
2021-12-14,2.5,2.46,2.51,2.46,355966.3
2021-12-15,2.45,2.48,2.5,2.44,381475.2
2021-12-16,2.49,2.6,2.61,2.48,1173609.98
2021-12-17,2.6,2.73,2.85,2.6,1678919.76
2021-12-20,2.71,2.65,2.71,2.62,831261.64
2021-12-21,2.63,2.81,2.81,2.6,1137814.24
2021-12-22,2.85,2.88,3.08,2.79,1868296.44
2021-12-23,2.84,2.87,2.96,2.81,1058128.14
2021-12-24,2.84,2.76,2.88,2.76,811167.58
2021-12-27,2.71,2.73,2.79,2.66,634073.04
2021-12-28,2.79,2.72,2.8,2.68,511753.18
2021-12-29,2.73,2.67,2.73,2.66,431088.05
2021-12-30,2.68,2.73,2.76,2.65,596253.16
2021-12-31,2.73,2.83,2.86,2.69,780897.15
2022-01-04,2.86,2.84,2.88,2.8,700648.59
2022-01-05,2.84,2.79,2.85,2.74,601227.67
2022-01-06,2.77,2.8,2.9,2.76,586661.7
2022-01-07,2.82,3.08,3.08,2.8,1551167.85
2022-01-10,3.0,3.15,3.23,2.92,2493649.1
2022-01-11,3.07,3.02,3.1,3.0,1128518.08
2022-01-12,3.08,3.05,3.14,3.02,993983.7
2022-01-13,3.1,3.07,3.15,3.05,988134.61
2022-01-14,3.02,2.9,3.02,2.87,1109698.39
2022-01-17,2.92,2.94,2.96,2.87,678411.44
2022-01-18,2.94,2.95,2.95,2.88,613847.8
2022-01-19,2.97,3.04,3.1,2.95,1271577.58
2022-01-20,2.97,2.82,2.98,2.8,1144843.09
2022-01-21,2.76,2.71,2.77,2.68,707460.2
2022-01-24,2.7,2.76,2.78,2.64,543847.79
2022-01-25,2.75,2.59,2.76,2.58,550142.6
2022-01-26,2.61,2.64,2.69,2.6,350679.7
2022-01-27,2.65,2.56,2.67,2.54,444142.5
2022-01-28,2.59,2.61,2.66,2.5,469359.63
2022-02-07,2.87,2.87,2.87,2.87,344240.53
2022-02-08,2.87,2.93,2.99,2.79,1410420.5
2022-02-09,2.88,2.95,2.95,2.83,1065330.0
2022-02-10,2.93,2.92,2.98,2.89,676440.8
2022-02-11,2.91,2.93,2.98,2.88,869163.6
2022-02-14,3.05,2.97,3.14,2.94,1096384.4
2022-02-15,2.99,2.91,2.99,2.88,635935.65
2022-02-16,2.79,2.84,2.85,2.76,601383.61
2022-02-17,2.83,2.87,2.92,2.79,708498.9
2022-02-18,2.81,2.89,2.92,2.78,506075.26
2022-02-21,2.89,2.93,2.94,2.86,507983.63
2022-02-22,3.03,2.99,3.08,2.94,1173567.0
2022-02-23,2.96,2.91,2.96,2.89,741165.6
2022-02-24,2.95,3.17,3.2,2.94,2591627.95
2022-02-25,3.05,3.07,3.15,2.99,1787349.47
2022-02-28,3.11,3.22,3.36,3.08,1892771.02
2022-03-01,3.15,3.17,3.21,3.11,1161926.01
2022-03-02,3.38,3.31,3.43,3.23,1867167.17
2022-03-03,3.38,3.5,3.53,3.33,2279825.67
2022-03-04,3.39,3.25,3.42,3.23,1809323.77
2022-03-07,3.46,3.35,3.5,3.31,1506379.75
2022-03-08,3.29,3.37,3.39,3.16,1577871.78
2022-03-09,3.41,3.31,3.42,3.14,1145804.84
2022-03-10,3.07,3.12,3.2,3.06,1269295.71
2022-03-11,3.05,2.99,3.06,2.91,1098591.55
2022-03-14,2.9,2.84,2.98,2.84,724376.2
2022-03-15,2.75,2.63,2.8,2.62,1085353.56
2022-03-16,2.65,2.76,2.76,2.52,954903.52
2022-03-17,2.77,2.82,2.82,2.7,877777.32
2022-03-18,2.86,2.84,2.92,2.82,808450.9
2022-03-21,2.84,2.84,2.88,2.79,615000.01
2022-03-22,2.89,2.88,2.92,2.85,794524.08
2022-03-23,2.84,2.82,2.86,2.81,631676.9
2022-03-24,2.86,2.75,2.89,2.75,624693.02
2022-03-25,2.72,2.78,2.81,2.71,512445.5
2022-03-28,2.75,2.78,2.83,2.69,494436.42
2022-03-29,2.75,2.74,2.77,2.72,381267.15
2022-03-30,2.72,2.73,2.73,2.68,436283.87
2022-03-31,2.71,2.71,2.75,2.69,353267.12
2022-04-01,2.7,2.72,2.73,2.67,325985.9
2022-04-06,2.7,2.78,2.79,2.7,428865.81
2022-04-07,2.76,2.7,2.78,2.7,347794.28
2022-04-08,2.7,2.66,2.72,2.63,383045.79
2022-04-11,2.66,2.56,2.68,2.55,378127.61
2022-04-12,2.59,2.64,2.64,2.55,358147.36
2022-04-13,2.66,2.64,2.72,2.63,424424.25
2022-04-14,2.67,2.72,2.73,2.62,504685.74
2022-04-15,2.71,2.74,2.78,2.69,565731.91
2022-04-18,2.73,2.73,2.78,2.71,411967.82
2022-04-19,2.73,2.84,2.87,2.73,688045.62
2022-04-20,2.77,2.74,2.81,2.72,532852.75
2022-04-21,2.74,2.63,2.76,2.61,454028.3
2022-04-22,2.61,2.79,2.88,2.57,679896.96
2022-04-26,2.65,2.65,2.65,2.65,8197.0
2022-04-27,2.52,2.52,2.52,2.52,18816.0
2022-04-28,2.39,2.39,2.39,2.39,12915.0
2022-04-29,2.27,2.27,2.27,2.27,45606.0
2022-05-05,2.16,2.16,2.16,2.16,71213.0
2022-05-06,2.05,2.05,2.05,2.05,54279.0
2022-05-09,1.95,2.15,2.15,1.95,1462942.29
2022-05-10,2.08,2.05,2.14,2.04,962615.16
2022-05-11,2.01,2.15,2.15,2.0,892783.49
2022-05-12,2.14,2.09,2.18,2.07,652732.0
2022-05-13,2.11,2.1,2.14,2.05,475993.42
2022-05-16,2.08,2.06,2.1,2.04,416758.83
2022-05-17,2.08,2.12,2.16,2.07,662272.71
2022-05-18,2.09,2.11,2.14,2.05,507169.68
2022-05-19,2.05,2.09,2.13,2.04,395883.4
2022-05-20,2.09,2.14,2.18,2.09,532587.85
2022-05-23,2.14,2.21,2.23,2.12,557066.98
2022-05-24,2.23,2.14,2.31,2.13,604862.76
2022-05-25,2.13,2.2,2.23,2.13,433832.23
2022-05-26,2.2,2.18,2.22,2.14,404186.9
2022-05-27,2.2,2.21,2.24,2.16,568983.62
2022-05-30,2.21,2.18,2.23,2.16,432992.6
2022-05-31,2.19,2.19,2.23,2.17,326145.49
2022-06-01,2.16,2.15,2.18,2.14,391605.0
2022-06-02,2.13,2.11,2.14,2.09,347453.0
2022-06-06,2.12,2.14,2.16,2.12,262772.21
2022-06-07,2.13,2.25,2.25,2.11,838170.6
2022-06-08,2.36,2.36,2.36,2.31,499194.99
2022-06-09,2.48,2.48,2.48,2.48,46673.2
2022-06-10,2.51,2.6,2.6,2.43,1191038.95
2022-06-13,2.63,2.73,2.73,2.58,780645.11
2022-06-14,2.78,2.87,2.87,2.69,1035998.68
2022-06-15,2.91,2.73,2.95,2.73,1162671.36
2022-06-16,2.68,2.64,2.75,2.59,1026154.98
2022-06-17,2.63,2.65,2.74,2.58,670546.37
2022-06-20,2.58,2.52,2.6,2.52,609735.0
2022-06-21,2.5,2.46,2.54,2.42,562528.28
2022-06-22,2.46,2.45,2.54,2.43,361593.8
2022-06-23,2.39,2.48,2.51,2.38,358070.91
2022-06-24,2.48,2.42,2.48,2.41,373370.72
2022-06-27,2.41,2.39,2.44,2.35,379815.21
2022-06-28,2.41,2.51,2.51,2.41,355809.54
2022-06-29,2.54,2.47,2.57,2.45,498431.6
2022-06-30,2.44,2.46,2.48,2.43,293108.72
2022-07-01,2.41,2.42,2.45,2.39,238502.2
2022-07-04,2.43,2.54,2.54,2.43,382227.71
2022-07-05,2.57,2.55,2.59,2.51,424655.12
2022-07-06,2.43,2.42,2.45,2.42,343304.0
2022-07-07,2.37,2.36,2.39,2.3,455734.5
2022-07-08,2.4,2.37,2.43,2.36,246394.0
2022-07-11,2.36,2.35,2.38,2.31,230705.5
2022-07-12,2.47,2.47,2.47,2.47,104462.63
2022-07-13,2.42,2.5,2.52,2.39,452208.8
2022-07-14,2.53,2.46,2.54,2.44,269884.01
2022-07-15,2.4,2.42,2.43,2.35,228420.94
2022-07-18,2.42,2.45,2.47,2.42,194803.0
2022-07-19,2.48,2.46,2.53,2.44,201310.81
2022-07-20,2.42,2.45,2.47,2.41,206998.65
2022-07-21,2.43,2.42,2.45,2.41,203099.5
2022-07-22,2.41,2.41,2.44,2.4,168364.93
2022-07-25,2.4,2.36,2.4,2.35,206568.71
2022-07-26,2.37,2.48,2.48,2.37,476118.98
2022-07-27,2.44,2.42,2.45,2.39,311686.3
2022-07-28,2.45,2.43,2.45,2.41,177871.0
2022-07-29,2.41,2.39,2.43,2.39,169689.37
2022-08-01,2.42,2.39,2.42,2.37,183492.9
2022-08-02,2.35,2.27,2.35,2.27,392999.0
2022-08-03,2.23,2.19,2.29,2.16,382382.13
2022-08-04,2.2,2.22,2.24,2.19,269333.3
2022-08-05,2.2,2.22,2.23,2.18,236925.5
2022-08-08,2.21,2.24,2.26,2.19,260700.44
2022-08-09,2.23,2.22,2.24,2.21,267439.0
2022-08-10,2.22,2.23,2.25,2.21,214705.61
2022-08-11,2.24,2.25,2.26,2.22,259081.97
2022-08-12,2.25,2.3,2.35,2.25,416101.74
2022-08-15,2.29,2.31,2.33,2.27,218352.75
2022-08-16,2.28,2.35,2.36,2.28,294657.98
2022-08-17,2.34,2.34,2.37,2.32,227984.65
2022-08-18,2.33,2.31,2.36,2.3,208368.75
2022-08-19,2.33,2.33,2.36,2.32,254288.66
2022-08-22,2.33,2.36,2.38,2.31,250232.5
2022-08-23,2.36,2.48,2.48,2.36,531701.0
2022-08-24,2.52,2.57,2.6,2.45,1047266.73
2022-08-25,2.58,2.66,2.69,2.49,917164.52
2022-08-26,2.54,2.53,2.58,2.53,452031.0
2022-08-29,2.43,2.47,2.51,2.4,620091.72
2022-08-30,2.49,2.41,2.51,2.36,489791.48
2022-08-31,2.36,2.33,2.4,2.31,338061.8
2022-09-01,2.31,2.33,2.37,2.31,269652.3
2022-09-02,2.32,2.36,2.38,2.29,295719.34
2022-09-05,2.37,2.48,2.48,2.37,584288.33
2022-09-06,2.48,2.5,2.56,2.47,637585.61
2022-09-07,2.47,2.54,2.59,2.46,447008.0
2022-09-08,2.5,2.47,2.52,2.47,275416.98
2022-09-09,2.49,2.5,2.53,2.48,227750.3
2022-09-13,2.63,2.53,2.63,2.52,1474957.38
2022-09-14,2.41,2.46,2.52,2.41,700652.43
2022-09-15,2.46,2.5,2.54,2.43,532276.93
2022-09-16,2.46,2.41,2.5,2.39,401899.7
2022-09-19,2.4,2.34,2.41,2.33,264494.9
2022-09-20,2.35,2.36,2.39,2.34,169686.0
2022-09-21,2.34,2.41,2.42,2.29,294897.13
2022-09-22,2.38,2.4,2.42,2.36,218204.73
2022-09-23,2.4,2.38,2.43,2.37,212464.84
2022-09-26,2.33,2.27,2.33,2.26,334296.67
2022-09-27,2.24,2.28,2.28,2.22,184765.3
2022-09-28,2.3,2.24,2.33,2.23,194063.9
2022-09-29,2.28,2.24,2.29,2.23,167393.97
2022-09-30,2.22,2.24,2.26,2.2,150043.2
2022-10-10,2.32,2.29,2.35,2.28,295421.8
2022-10-11,2.25,2.27,2.29,2.23,179647.3
2022-10-12,2.26,2.3,2.31,2.24,166322.19
2022-10-13,2.28,2.31,2.32,2.27,169678.5
2022-10-14,2.33,2.33,2.36,2.31,177563.6
2022-10-17,2.3,2.35,2.36,2.3,172079.04
2022-10-18,2.35,2.33,2.37,2.33,209147.9
2022-10-19,2.32,2.3,2.33,2.3,147859.62
2022-10-20,2.31,2.32,2.35,2.3,141525.0
2022-10-21,2.31,2.32,2.33,2.3,116806.8
2022-10-24,2.33,2.29,2.34,2.29,171785.0
2022-10-25,2.29,2.26,2.29,2.23,145738.2
2022-10-26,2.26,2.26,2.3,2.25,161251.2
2022-10-27,2.28,2.28,2.29,2.25,118630.7
2022-10-28,2.27,2.23,2.29,2.22,196233.0
2022-10-31,2.15,2.18,2.22,2.15,232724.58
2022-11-01,2.17,2.2,2.21,2.17,161477.42
2022-11-02,2.2,2.21,2.23,2.18,182668.11
2022-11-03,2.2,2.18,2.22,2.16,264118.24
2022-11-04,2.18,2.22,2.22,2.17,219722.29
2022-11-07,2.23,2.27,2.27,2.22,266270.05
2022-11-08,2.26,2.26,2.28,2.24,138410.05
2022-11-09,2.24,2.27,2.28,2.24,195667.28
2022-11-10,2.25,2.24,2.25,2.23,200003.8
2022-11-11,2.26,2.25,2.27,2.23,256791.5
2022-11-14,2.25,2.23,2.26,2.22,159722.72
2022-11-15,2.22,2.25,2.25,2.22,174704.1
2022-11-16,2.24,2.36,2.36,2.24,483609.49
2022-11-17,2.34,2.38,2.44,2.31,450636.65
2022-11-18,2.37,2.39,2.45,2.34,368228.63
2022-11-21,2.39,2.42,2.44,2.38,275586.13
2022-11-22,2.41,2.36,2.44,2.34,247560.0
2022-11-23,2.36,2.34,2.38,2.31,179049.82
2022-11-24,2.33,2.35,2.38,2.32,143970.26
2022-11-25,2.35,2.35,2.37,2.33,131127.61
2022-11-28,2.33,2.32,2.34,2.29,190369.46
2022-11-29,2.32,2.35,2.35,2.31,208077.34
2022-11-30,2.35,2.39,2.4,2.34,242279.58
2022-12-01,2.41,2.36,2.41,2.36,195793.0
2022-12-02,2.36,2.43,2.44,2.35,275686.42
2022-12-05,2.46,2.42,2.46,2.41,254856.11
2022-12-06,2.4,2.4,2.42,2.36,234872.35
2022-12-07,2.38,2.39,2.42,2.37,171620.53
2022-12-08,2.38,2.36,2.38,2.35,169071.22
2022-12-09,2.35,2.35,2.37,2.33,107857.6
2022-12-12,2.34,2.32,2.37,2.31,136475.0
2022-12-13,2.32,2.33,2.35,2.32,92338.4
2022-12-14,2.33,2.33,2.35,2.32,124526.93
2022-12-15,2.32,2.31,2.33,2.29,132281.92
2022-12-16,2.3,2.29,2.32,2.28,120883.37
2022-12-19,2.28,2.23,2.3,2.22,182752.69
2022-12-20,2.22,2.26,2.26,2.22,88710.06
2022-12-21,2.25,2.25,2.26,2.24,54176.8
2022-12-22,2.26,2.23,2.27,2.22,81661.0
2022-12-23,2.24,2.22,2.24,2.2,87279.2
2022-12-26,2.22,2.24,2.24,2.22,80271.8
2022-12-27,2.24,2.25,2.26,2.22,90544.62
2022-12-28,2.25,2.22,2.25,2.22,62318.84
2022-12-29,2.21,2.18,2.22,2.17,115120.59
2022-12-30,2.19,2.19,2.2,2.17,96004.89
2023-01-03,2.2,2.3,2.3,2.19,180032.83
2023-01-04,2.32,2.33,2.41,2.31,404273.32
2023-01-05,2.33,2.34,2.38,2.32,155729.38
2023-01-06,2.35,2.33,2.36,2.3,135111.07
2023-01-09,2.33,2.36,2.4,2.33,151399.54
2023-01-10,2.37,2.33,2.37,2.32,117141.86
2023-01-11,2.32,2.32,2.35,2.31,99390.38
2023-01-12,2.33,2.33,2.36,2.33,104711.0
2023-01-13,2.35,2.32,2.35,2.29,117248.56
2023-01-16,2.31,2.32,2.33,2.3,78449.0
2023-01-17,2.32,2.36,2.37,2.3,129232.7
2023-01-18,2.36,2.38,2.41,2.36,202156.6
2023-01-19,2.38,2.39,2.41,2.36,136595.18
2023-01-20,2.4,2.4,2.41,2.38,112997.78
2023-01-30,2.4,2.37,2.43,2.37,176984.18
2023-01-31,2.25,2.25,2.25,2.25,183083.0
2023-02-01,2.26,2.3,2.32,2.25,354667.08
2023-02-02,2.29,2.29,2.3,2.27,162548.42
2023-02-03,2.28,2.28,2.29,2.26,130177.0
2023-02-06,2.28,2.27,2.28,2.26,136314.1
2023-02-07,2.27,2.3,2.32,2.27,127536.1
2023-02-08,2.3,2.33,2.34,2.3,143261.28
2023-02-09,2.33,2.36,2.37,2.33,138710.3
2023-02-10,2.35,2.35,2.36,2.33,125431.5
2023-02-13,2.34,2.35,2.36,2.33,118318.0
2023-02-14,2.35,2.33,2.35,2.32,116082.13
2023-02-15,2.33,2.3,2.33,2.3,115595.4
2023-02-16,2.31,2.3,2.35,2.29,153664.6
2023-02-17,2.3,2.31,2.32,2.3,107603.1
2023-02-20,2.3,2.29,2.3,2.27,124368.9
2023-02-21,2.29,2.27,2.29,2.26,140342.26
2023-02-22,2.27,2.29,2.29,2.26,107342.34
2023-02-23,2.28,2.28,2.29,2.27,67234.5
2023-02-24,2.28,2.29,2.3,2.28,79966.85
2023-02-27,2.29,2.27,2.3,2.27,90493.4
2023-02-28,2.28,2.29,2.29,2.27,75729.3
2023-03-01,2.28,2.3,2.3,2.27,101167.47
2023-03-02,2.29,2.29,2.3,2.28,93666.47
2023-03-03,2.29,2.34,2.35,2.27,175796.17
2023-03-06,2.33,2.32,2.35,2.32,110027.0
2023-03-07,2.32,2.34,2.39,2.32,228514.78
2023-03-08,2.32,2.32,2.33,2.29,116210.37
2023-03-09,2.32,2.31,2.33,2.29,115231.0
2023-03-10,2.3,2.32,2.33,2.28,113056.06
2023-03-13,2.3,2.33,2.34,2.3,88028.54
2023-03-14,2.33,2.3,2.33,2.27,108197.53
2023-03-15,2.29,2.32,2.32,2.28,69732.43
2023-03-16,2.3,2.28,2.31,2.27,89720.51
2023-03-17,2.29,2.28,2.31,2.28,90151.41
2023-03-20,2.28,2.28,2.3,2.27,99918.8
2023-03-21,2.28,2.29,2.29,2.27,70947.48
2023-03-22,2.28,2.29,2.3,2.28,79080.8
2023-03-23,2.28,2.28,2.29,2.27,93991.0
2023-03-24,2.28,2.28,2.29,2.26,113420.28
2023-03-27,2.28,2.25,2.28,2.24,127364.67
2023-03-28,2.26,2.26,2.27,2.25,105722.35
2023-03-29,2.26,2.16,2.27,2.15,286515.37
2023-03-30,2.16,2.18,2.19,2.16,137848.9
2023-03-31,2.17,2.24,2.24,2.17,99365.8
2023-04-03,2.26,2.28,2.29,2.25,140771.7
2023-04-04,2.28,2.29,2.29,2.27,95678.13
2023-04-06,2.29,2.3,2.3,2.26,117099.9
2023-04-07,2.32,2.39,2.42,2.31,628358.96
2023-04-10,2.45,2.37,2.45,2.33,505534.65
2023-04-11,2.36,2.39,2.44,2.36,234725.1
2023-04-12,2.4,2.5,2.51,2.4,392166.99
2023-04-13,2.57,2.63,2.63,2.54,447907.16
2023-04-14,2.66,2.76,2.76,2.65,369046.02
2023-04-17,2.85,2.9,2.9,2.84,227436.75
2023-04-18,3.05,2.76,3.05,2.76,1001899.19
2023-04-19,2.76,2.68,2.83,2.62,812786.67
2023-04-20,2.64,2.68,2.74,2.61,420902.62
2023-04-21,2.69,2.69,2.77,2.66,299223.26
2023-04-24,2.71,2.82,2.82,2.71,432002.67
2023-04-25,2.84,2.68,2.85,2.68,429005.59
2023-04-26,2.59,2.57,2.68,2.55,278043.69
2023-04-27,2.58,2.46,2.64,2.44,337334.39
2023-04-28,2.49,2.5,2.52,2.44,252547.8
2023-05-04,2.53,2.51,2.55,2.47,189653.1
2023-05-05,2.51,2.58,2.64,2.39,333041.91
2023-05-08,2.58,2.58,2.61,2.54,164229.4
2023-05-09,2.57,2.49,2.58,2.47,195234.61
2023-05-10,2.5,2.5,2.51,2.46,94099.0
2023-05-11,2.54,2.51,2.54,2.48,80655.8
2023-05-12,2.49,2.48,2.51,2.48,88995.17
2023-05-15,2.46,2.47,2.49,2.45,69647.0
2023-05-16,2.47,2.45,2.48,2.45,56162.0
2023-05-17,2.45,2.43,2.45,2.38,109743.31
2023-05-18,2.44,2.39,2.45,2.39,88821.9
2023-05-19,2.39,2.38,2.4,2.35,98606.82
2023-05-22,2.39,2.36,2.41,2.35,85710.03
2023-05-23,2.36,2.41,2.48,2.33,179769.01
2023-05-24,2.41,2.41,2.47,2.4,129711.01
2023-05-25,2.4,2.38,2.41,2.35,111824.41
2023-05-26,2.38,2.43,2.44,2.36,99623.69
2023-05-29,2.43,2.41,2.44,2.39,56083.5
2023-05-30,2.39,2.4,2.41,2.37,67382.2
2023-05-31,2.37,2.4,2.42,2.37,60525.9
2023-06-01,2.41,2.37,2.41,2.35,98699.3
2023-06-02,2.37,2.38,2.39,2.36,66866.1
2023-06-05,2.39,2.37,2.39,2.36,84620.5
2023-06-06,2.37,2.37,2.41,2.36,109689.7
2023-06-07,2.36,2.38,2.39,2.36,72055.5
2023-06-08,2.38,2.37,2.4,2.36,112501.57
2023-06-09,2.38,2.49,2.49,2.37,217354.3
2023-06-12,2.58,2.61,2.61,2.56,485312.83
2023-06-13,2.52,2.57,2.6,2.49,314576.87
2023-06-14,2.58,2.55,2.59,2.52,129142.2
2023-06-15,2.55,2.5,2.57,2.49,131900.0
2023-06-16,2.51,2.5,2.63,2.5,216062.5
2023-06-19,2.45,2.48,2.52,2.44,164285.52
2023-06-20,2.48,2.51,2.54,2.47,156109.8
2023-06-21,2.53,2.53,2.58,2.51,156865.1
2023-06-26,2.51,2.52,2.56,2.51,105449.0
2023-06-27,2.53,2.56,2.57,2.51,98854.8
2023-06-28,2.54,2.53,2.55,2.49,115861.0
2023-06-29,2.53,2.54,2.57,2.5,116540.4
2023-06-30,2.52,2.55,2.57,2.51,95753.21
2023-07-03,2.55,2.57,2.58,2.55,106479.51
2023-07-04,2.56,2.69,2.7,2.54,320142.77
2023-07-05,2.64,2.66,2.7,2.63,204789.63
2023-07-06,2.67,2.76,2.78,2.66,231865.95
2023-07-07,2.76,2.77,2.83,2.72,214426.8
2023-07-10,2.77,2.86,2.9,2.76,227922.69
2023-07-11,2.85,2.72,2.92,2.72,300918.8
2023-07-12,2.68,2.67,2.75,2.66,239832.9
2023-07-13,2.68,2.71,2.74,2.67,162056.3
2023-07-14,2.71,2.76,2.79,2.69,170906.24
2023-07-17,2.74,2.71,2.75,2.67,123078.01
2023-07-18,2.71,2.76,2.78,2.71,112405.8
2023-07-19,2.76,2.78,2.8,2.76,125261.0
2023-07-20,2.78,2.74,2.79,2.72,117292.0
2023-07-21,2.75,2.72,2.76,2.69,92609.49
2023-07-24,2.7,2.69,2.73,2.64,74127.49
2023-07-25,2.72,2.73,2.75,2.7,75498.8
2023-07-26,2.73,2.69,2.74,2.68,74568.44
2023-07-27,2.68,2.7,2.7,2.67,76385.31
2023-07-28,2.69,2.7,2.71,2.67,64699.2
2023-07-31,2.67,2.68,2.7,2.57,177905.6
2023-08-01,2.68,2.71,2.76,2.66,115586.11
2023-08-02,2.71,2.73,2.74,2.69,87528.1
2023-08-03,2.73,2.7,2.75,2.69,73061.6
2023-08-04,2.71,2.7,2.71,2.67,77972.04
2023-08-07,2.7,2.68,2.7,2.67,53992.2
2023-08-08,2.67,2.64,2.69,2.64,96976.55
2023-08-09,2.6,2.67,2.67,2.59,85856.63
2023-08-10,2.66,2.68,2.7,2.66,70904.0
2023-08-11,2.68,2.64,2.68,2.61,78064.5
2023-08-14,2.62,2.61,2.63,2.6,72036.6
2023-08-15,2.61,2.64,2.65,2.61,53213.0
2023-08-16,2.63,2.69,2.75,2.63,140748.0
2023-08-17,2.67,2.7,2.72,2.65,86217.19
2023-08-18,2.69,2.73,2.74,2.69,138215.14
2023-08-21,2.73,2.68,2.75,2.65,91697.02
2023-08-22,2.68,2.64,2.7,2.63,104535.41
2023-08-23,2.65,2.72,2.73,2.64,107436.28
2023-08-24,2.71,2.72,2.73,2.69,89253.89
2023-08-25,2.72,2.66,2.72,2.64,117633.0
2023-08-28,2.73,2.67,2.76,2.64,110513.01
2023-08-29,2.66,2.67,2.68,2.63,115947.7
2023-08-30,2.67,2.68,2.68,2.65,90304.0
2023-08-31,2.66,2.66,2.67,2.64,76103.4
2023-09-01,2.65,2.66,2.68,2.64,80425.83
2023-09-04,2.66,2.69,2.7,2.65,107472.03
2023-09-05,2.67,2.69,2.7,2.64,113975.13
2023-09-06,2.69,2.73,2.77,2.69,219973.28
2023-09-07,2.73,2.69,2.74,2.69,117928.84
2023-09-08,2.69,2.69,2.72,2.66,100182.68
2023-09-11,2.69,2.7,2.71,2.67,68604.3
2023-09-12,2.69,2.68,2.7,2.67,67894.92
2023-09-13,2.68,2.69,2.71,2.68,76679.64
2023-09-14,2.7,2.69,2.71,2.67,67965.51
2023-09-15,2.7,2.71,2.73,2.69,119746.2
2023-09-18,2.7,2.69,2.71,2.68,78393.42
2023-09-19,2.69,2.7,2.7,2.68,80997.82
2023-09-20,2.7,2.84,2.84,2.69,399831.92
2023-09-22,2.98,2.72,2.98,2.71,1274597.06
2023-09-25,2.63,2.58,2.66,2.58,499807.3
2023-09-26,2.5,2.55,2.62,2.5,316909.95
2023-09-27,2.56,2.51,2.61,2.51,264853.1
2023-09-28,2.55,2.56,2.58,2.52,161954.52
2023-10-09,2.57,2.61,2.64,2.56,230287.07
2023-10-10,2.6,2.69,2.74,2.6,221491.78
2023-10-11,2.68,2.66,2.7,2.65,108723.5
2023-10-12,2.65,2.67,2.68,2.64,89772.59
2023-10-13,2.67,2.75,2.77,2.67,252423.2
2023-10-16,2.76,2.79,2.84,2.74,241191.09
2023-10-17,2.8,2.78,2.8,2.72,216878.12
2023-10-18,2.79,2.75,2.79,2.72,140795.3
2023-10-19,2.7,2.61,2.7,2.61,140925.0
2023-10-20,2.48,2.48,2.48,2.48,78151.0
2023-10-23,2.36,2.36,2.36,2.36,63960.0
2023-10-24,2.24,2.48,2.48,2.24,434183.39
2023-10-25,2.44,2.53,2.57,2.43,194020.24
2023-10-26,2.51,2.54,2.57,2.51,101859.5
2023-10-27,2.54,2.54,2.58,2.52,109765.28
2023-10-30,2.54,2.52,2.57,2.5,113808.66
2023-10-31,2.54,2.65,2.65,2.51,200098.61
2023-11-01,2.69,2.68,2.72,2.65,195188.82
2023-11-02,2.66,2.69,2.72,2.66,105298.83
2023-11-03,2.71,2.65,2.73,2.56,198086.6
2023-11-06,2.68,2.6,2.69,2.57,190278.01
2023-11-07,2.59,2.58,2.61,2.56,123268.0
2023-11-08,2.58,2.66,2.71,2.55,226031.39
2023-11-09,2.65,2.63,2.69,2.62,98597.18
2023-11-10,2.63,2.64,2.64,2.59,79023.0
2023-11-13,2.63,2.65,2.68,2.63,86660.98
2023-11-14,2.65,2.64,2.67,2.63,82684.49
2023-11-15,2.65,2.64,2.65,2.61,100897.8
2023-11-16,2.63,2.59,2.63,2.58,92391.0
2023-11-17,2.59,2.65,2.68,2.57,125584.12
2023-11-20,2.65,2.65,2.68,2.62,122781.3
2023-11-21,2.65,2.64,2.67,2.63,103901.99
2023-11-22,2.67,2.64,2.68,2.63,138633.16
2023-11-23,2.65,2.66,2.68,2.63,99334.14
2023-11-24,2.66,2.63,2.67,2.61,141679.18
2023-11-27,2.62,2.55,2.62,2.52,151953.0
2023-11-28,2.55,2.55,2.56,2.52,76022.0
2023-11-29,2.54,2.52,2.55,2.52,66474.93
2023-11-30,2.51,2.55,2.6,2.51,126330.4
2023-12-01,2.54,2.54,2.55,2.52,77387.55
2023-12-04,2.53,2.53,2.57,2.52,93813.87
2023-12-05,2.53,2.45,2.54,2.45,111630.0
2023-12-06,2.45,2.46,2.52,2.45,87451.4
2023-12-07,2.46,2.46,2.49,2.45,80076.2
2023-12-08,2.48,2.47,2.51,2.45,112610.21
2023-12-11,2.47,2.45,2.47,2.4,95070.01
2023-12-12,2.45,2.46,2.49,2.44,89935.0
2023-12-13,2.46,2.47,2.51,2.46,86135.81
2023-12-14,2.47,2.48,2.5,2.47,107767.54
2023-12-15,2.49,2.53,2.57,2.48,169238.21
2023-12-18,2.52,2.48,2.55,2.48,127131.0
2023-12-19,2.55,2.59,2.6,2.5,240931.9
2023-12-20,2.6,2.53,2.62,2.52,160455.53
2023-12-21,2.54,2.53,2.55,2.51,82754.0
2023-12-22,2.54,2.54,2.59,2.51,108617.4
2023-12-25,2.5,2.44,2.54,2.41,172662.97
2023-12-26,2.43,2.44,2.45,2.4,112292.14
2023-12-27,2.43,2.46,2.5,2.43,76707.0
2023-12-28,2.47,2.48,2.51,2.46,103774.2
2023-12-29,2.48,2.47,2.49,2.46,83973.21
2024-01-02,2.49,2.5,2.52,2.48,98932.8
2024-01-03,2.52,2.48,2.53,2.47,121241.2
2024-01-04,2.5,2.49,2.52,2.47,95413.0
2024-01-05,2.49,2.47,2.5,2.45,96109.01
2024-01-08,2.46,2.42,2.48,2.38,126280.25
2024-01-09,2.43,2.4,2.43,2.39,78115.0
2024-01-10,2.41,2.39,2.42,2.37,67266.3
2024-01-11,2.4,2.44,2.44,2.38,85383.7
2024-01-15,2.44,2.48,2.55,2.43,237698.0
2024-01-16,2.47,2.41,2.47,2.37,142451.65
2024-01-17,2.41,2.39,2.44,2.39,60025.0
2024-01-18,2.36,2.35,2.39,2.28,136080.59
2024-01-19,2.28,2.33,2.35,2.28,61094.0
2024-01-22,2.33,2.23,2.34,2.21,123790.33
2024-01-23,2.23,2.21,2.24,2.17,104233.14
2024-01-24,2.21,2.23,2.25,2.13,101246.94
2024-01-25,2.21,2.27,2.3,2.19,101828.46
2024-01-26,2.27,2.37,2.38,2.26,179114.8
2024-01-29,2.36,2.4,2.47,2.35,217038.0
2024-01-30,2.39,2.45,2.46,2.38,150842.54
2024-01-31,2.43,2.33,2.49,2.33,207045.28
2024-02-01,2.31,2.27,2.37,2.24,116745.2
2024-02-02,2.27,2.18,2.29,2.16,131392.8
2024-02-05,2.17,2.07,2.17,2.07,182441.5
2024-02-06,2.01,2.16,2.17,1.97,214178.59
2024-02-07,2.17,2.17,2.21,2.14,114041.6
2024-02-08,2.18,2.23,2.23,2.18,103803.01
2024-02-19,2.22,2.28,2.3,2.21,93376.34
2024-02-20,2.29,2.27,2.29,2.23,101998.0
2024-02-21,2.25,2.27,2.31,2.24,125809.9
2024-02-22,2.26,2.26,2.27,2.23,124688.8
2024-02-23,2.25,2.26,2.28,2.24,130808.2
2024-02-26,2.26,2.27,2.29,2.25,127556.15
2024-02-27,2.27,2.27,2.28,2.24,131365.21
2024-02-28,2.27,2.24,2.31,2.24,221752.3
2024-02-29,2.19,2.24,2.24,2.18,151254.7
2024-03-01,2.24,2.23,2.26,2.22,91264.0
2024-03-04,2.23,2.28,2.29,2.23,192493.54
2024-03-05,2.28,2.25,2.29,2.24,135231.2
2024-03-06,2.24,2.36,2.36,2.23,266529.1
2024-03-07,2.36,2.31,2.38,2.3,235158.04
2024-03-08,2.3,2.38,2.41,2.3,194016.96
2024-03-11,2.36,2.39,2.4,2.36,120810.01
2024-03-12,2.37,2.38,2.4,2.35,145978.94
2024-03-13,2.38,2.35,2.38,2.34,100520.28
2024-03-14,2.35,2.36,2.38,2.33,103715.95
2024-03-15,2.36,2.42,2.45,2.34,159572.78
2024-03-18,2.42,2.42,2.43,2.39,117908.3
2024-03-19,2.42,2.49,2.53,2.41,228495.03
2024-03-20,2.48,2.59,2.61,2.48,372339.56
2024-03-21,2.58,2.6,2.64,2.56,220212.73
2024-03-22,2.59,2.61,2.67,2.57,184146.19
2024-03-25,2.62,2.63,2.71,2.58,241401.12
2024-03-26,2.63,2.66,2.7,2.63,200312.2
2024-03-27,2.64,2.54,2.67,2.53,262006.42
2024-03-28,2.51,2.59,2.6,2.51,151510.17
2024-03-29,2.6,2.71,2.72,2.6,254179.12
2024-04-01,2.7,2.78,2.79,2.7,212175.6
2024-04-02,2.78,2.76,2.84,2.76,263359.73
2024-04-03,2.75,2.8,2.82,2.71,221908.14
2024-04-08,2.77,2.77,2.84,2.74,188566.0
2024-04-09,2.79,2.76,2.8,2.72,133599.31
2024-04-10,2.74,2.72,2.76,2.7,121705.0
2024-04-11,2.71,2.65,2.75,2.63,184630.0
2024-04-12,2.66,2.61,2.67,2.61,159589.6
2024-04-15,2.6,2.51,2.61,2.48,281444.76
2024-04-16,2.5,2.48,2.55,2.44,187750.85
2024-04-17,2.5,2.6,2.6,2.5,237052.75
2024-04-18,2.6,2.68,2.69,2.57,231148.25
2024-04-19,2.66,2.71,2.72,2.65,161482.6
2024-04-22,2.69,2.59,2.74,2.58,261525.99
2024-04-23,2.59,2.7,2.72,2.59,178792.89
2024-04-24,2.8,2.75,2.83,2.71,242377.59
2024-04-25,2.66,2.68,2.72,2.65,207851.82
2024-04-26,2.71,2.76,2.76,2.68,186798.13
2024-04-29,2.75,2.79,2.8,2.73,311718.96
2024-04-30,2.77,2.75,2.78,2.71,190870.2
2024-05-06,2.72,2.67,2.73,2.61,228928.08
2024-05-07,2.66,2.71,2.72,2.65,159577.25
2024-05-08,2.7,2.68,2.71,2.67,124270.58
2024-05-09,2.7,2.69,2.73,2.66,109916.38
2024-05-10,2.68,2.65,2.7,2.6,132568.88
2024-05-13,2.64,2.67,2.68,2.6,83756.0
2024-05-14,2.7,2.66,2.71,2.66,99906.89
2024-05-15,2.67,2.69,2.71,2.63,128856.48
2024-05-16,2.68,2.64,2.7,2.63,99205.66
2024-05-17,2.65,2.67,2.68,2.63,80719.37
2024-05-20,2.62,2.63,2.66,2.58,199019.93
2024-05-21,2.63,2.61,2.65,2.6,115556.13
2024-05-22,2.61,2.59,2.62,2.56,146258.9
2024-05-23,2.57,2.56,2.59,2.56,75937.51
2024-05-24,2.56,2.68,2.69,2.55,239231.34
2024-05-27,2.67,2.67,2.69,2.65,96537.53
2024-05-28,2.68,2.72,2.78,2.67,160991.4
2024-05-29,2.73,2.72,2.76,2.71,99710.7
2024-05-30,2.71,2.74,2.77,2.71,164477.11
2024-05-31,2.74,2.76,2.78,2.71,165381.08
2024-06-03,2.74,2.62,2.75,2.62,277649.5
2024-06-04,2.59,2.59,2.62,2.5,162400.0
2024-06-05,2.6,2.59,2.63,2.56,98030.4
2024-06-06,2.59,2.46,2.61,2.46,230180.63
2024-06-07,2.5,2.53,2.56,2.48,147703.31
2024-06-11,2.5,2.55,2.6,2.49,146322.16
2024-06-12,2.58,2.62,2.63,2.55,135978.04
2024-06-13,2.62,2.57,2.64,2.55,129902.9
2024-06-14,2.54,2.63,2.64,2.54,129635.9
2024-06-17,2.62,2.61,2.63,2.57,85558.67
2024-06-18,2.57,2.55,2.59,2.54,130769.0
2024-06-19,2.56,2.57,2.6,2.55,75708.3
2024-06-20,2.56,2.52,2.58,2.5,114380.66
2024-06-21,2.62,2.61,2.63,2.55,249967.01
2024-06-24,2.6,2.63,2.65,2.57,171114.2
2024-06-26,2.6,2.74,2.78,2.5,615562.93
2024-06-27,2.72,2.68,2.84,2.66,546333.66
2024-06-28,2.67,2.68,2.71,2.64,227825.0
2024-07-01,2.71,2.67,2.71,2.61,216802.1
2024-07-02,2.66,2.66,2.68,2.63,166734.28
2024-07-03,2.65,2.58,2.65,2.56,222992.0
2024-07-04,2.59,2.59,2.68,2.56,213641.15
2024-07-05,2.58,2.59,2.62,2.53,149058.0
2024-07-08,2.57,2.55,2.59,2.53,126867.8
2024-07-09,2.54,2.59,2.61,2.51,156976.9
2024-07-10,2.58,2.6,2.66,2.57,166228.0
2024-07-11,2.62,2.64,2.65,2.6,131003.56
2024-07-12,2.64,2.63,2.67,2.62,166613.55
2024-07-15,2.6,2.62,2.62,2.54,203619.83
2024-07-16,2.6,2.59,2.62,2.57,119391.0
2024-07-17,2.57,2.55,2.59,2.55,93542.56
2024-07-18,2.55,2.57,2.59,2.54,108252.51
2024-07-19,2.56,2.56,2.57,2.54,78278.1
2024-07-22,2.55,2.56,2.56,2.52,114907.8
2024-07-23,2.54,2.52,2.57,2.52,79313.01
2024-07-24,2.52,2.47,2.52,2.44,156334.2
2024-07-25,2.47,2.46,2.47,2.43,71639.51
2024-07-26,2.46,2.48,2.51,2.45,79895.0
2024-07-29,2.48,2.48,2.49,2.46,53794.0
2024-07-30,2.47,2.45,2.48,2.43,69188.1
2024-07-31,2.45,2.5,2.5,2.44,134444.34
2024-08-01,2.5,2.48,2.53,2.45,144034.32
2024-08-02,2.46,2.45,2.48,2.43,101785.2
2024-08-05,2.43,2.43,2.45,2.4,168090.0
2024-08-06,2.42,2.46,2.51,2.42,149725.32
2024-08-07,2.45,2.44,2.45,2.41,102237.6
2024-08-08,2.44,2.45,2.47,2.43,95355.0
2024-08-09,2.45,2.44,2.46,2.43,92113.03
2024-08-12,2.44,2.41,2.44,2.38,140947.0
2024-08-13,2.44,2.44,2.46,2.39,187818.95
2024-08-14,2.43,2.4,2.43,2.39,131294.0
2024-08-15,2.39,2.4,2.42,2.39,96474.01
2024-08-16,2.39,2.39,2.42,2.38,96495.81
2024-08-19,2.39,2.36,2.39,2.33,134963.81
2024-08-20,2.35,2.33,2.35,2.31,97948.2
2024-08-21,2.32,2.29,2.34,2.27,137458.24
2024-08-22,2.27,2.23,2.28,2.22,124157.5
2024-08-23,2.23,2.24,2.26,2.21,100331.2
2024-08-26,2.24,2.27,2.31,2.24,186315.63
2024-08-27,2.28,2.27,2.3,2.24,110621.0
2024-08-28,2.25,2.26,2.27,2.23,86706.5
2024-08-29,2.25,2.24,2.26,2.22,124727.1
2024-08-30,2.25,2.26,2.29,2.24,156326.0
2024-09-02,2.25,2.22,2.26,2.22,136208.62
2024-09-03,2.22,2.22,2.24,2.2,108165.0
2024-09-04,2.19,2.14,2.2,2.14,181309.0
2024-09-05,2.14,2.13,2.16,2.11,164384.11
2024-09-06,2.13,2.13,2.16,2.13,142356.2
2024-09-09,2.14,2.09,2.14,2.08,141650.1
2024-09-10,2.1,2.08,2.11,2.05,128051.28
2024-09-11,2.07,2.07,2.11,2.03,185629.0
2024-09-12,2.07,2.08,2.1,2.06,115069.21
2024-09-13,2.08,2.07,2.11,2.05,183703.49
2024-09-18,2.07,2.04,2.07,2.0,170870.0
2024-09-19,2.04,2.05,2.07,2.02,163631.4
2024-09-20,2.04,2.03,2.05,2.01,196152.0
2024-09-23,2.03,2.02,2.05,2.01,123079.82
2024-09-24,2.02,2.07,2.07,2.02,390410.99
2024-09-25,2.08,2.12,2.21,2.07,544832.36
2024-09-26,2.1,2.16,2.17,2.09,334922.48
2024-09-27,2.16,2.21,2.21,2.16,460779.72
2024-09-30,2.29,2.43,2.43,2.29,1089718.32
2024-10-08,2.67,2.67,2.67,2.45,1730803.86
2024-10-09,2.55,2.5,2.67,2.5,1184080.78
2024-10-10,2.5,2.52,2.57,2.37,835602.51
2024-10-11,2.53,2.49,2.55,2.44,463155.4
2024-10-14,2.46,2.42,2.48,2.39,524710.96
2024-10-15,2.39,2.31,2.4,2.3,545811.1
2024-10-16,2.26,2.29,2.31,2.24,453190.37
2024-10-17,2.28,2.24,2.31,2.24,393686.01
2024-10-18,2.23,2.27,2.3,2.22,421566.0
2024-10-21,2.28,2.26,2.28,2.24,492178.7
2024-10-22,2.27,2.35,2.42,2.26,820203.84
2024-10-23,2.36,2.36,2.42,2.33,609289.28
2024-10-24,2.34,2.37,2.38,2.34,342947.8
2024-10-25,2.36,2.39,2.39,2.35,419184.25
2024-10-28,2.37,2.47,2.48,2.35,632014.32
2024-10-29,2.47,2.39,2.47,2.38,529693.3
2024-10-30,2.37,2.44,2.44,2.36,438190.9
2024-10-31,2.45,2.44,2.49,2.43,495648.97
2024-11-01,2.44,2.45,2.5,2.42,619403.58
2024-11-04,2.44,2.43,2.46,2.39,390858.23
2024-11-05,2.43,2.55,2.56,2.41,929445.59
2024-11-06,2.54,2.6,2.62,2.5,914611.3
2024-11-07,2.61,2.68,2.76,2.56,1236504.13
2024-11-08,2.69,2.68,2.75,2.63,1032558.21
2024-11-11,2.67,2.62,2.68,2.58,725085.65
2024-11-12,2.59,2.58,2.62,2.56,550522.11
2024-11-13,2.56,2.84,2.84,2.53,806943.4
2024-11-14,3.12,3.12,3.12,2.95,1500259.03
2024-11-15,3.2,3.32,3.43,3.03,3823008.39
2024-11-18,3.14,2.99,3.41,2.99,2416014.21
2024-11-19,2.9,2.94,2.99,2.8,1787140.62
2024-11-20,2.88,2.96,3.03,2.88,1266482.46
2024-11-21,3.01,2.89,3.01,2.86,976865.49
2024-11-22,2.87,2.94,3.16,2.86,1723667.6
2024-11-25,2.89,2.99,3.05,2.86,1200305.89
2024-11-26,3.04,2.95,3.05,2.92,935426.04
2024-11-27,2.94,3.03,3.15,2.84,1364269.03
2024-11-28,2.97,3.1,3.18,2.96,1545012.36
2024-11-29,3.05,3.11,3.14,3.05,906628.93
2024-12-02,3.09,3.26,3.34,3.09,1794093.57
2024-12-03,3.29,3.16,3.32,3.12,1262311.2
2024-12-04,3.15,3.1,3.17,3.07,874299.32
2024-12-05,3.08,3.1,3.12,3.04,536977.82
2024-12-06,3.09,3.1,3.12,3.03,740438.93
2024-12-09,3.1,3.03,3.16,3.01,799975.0
2024-12-10,3.08,3.01,3.13,3.01,962302.01
2024-12-11,3.01,3.0,3.01,2.95,1033134.26
2024-12-12,3.01,3.0,3.02,2.97,833001.19
2024-12-13,2.98,2.95,3.0,2.91,1241364.28
2024-12-16,2.94,2.92,2.98,2.9,668144.92
2024-12-17,2.92,2.82,2.93,2.79,724779.25
2024-12-18,2.79,2.84,2.86,2.79,434992.0
2024-12-19,2.82,2.77,2.83,2.74,495543.01
2024-12-20,2.76,2.78,2.79,2.75,370536.6
2024-12-23,2.78,2.69,2.8,2.67,505963.0
2024-12-24,2.68,2.71,2.74,2.68,362876.4
2024-12-25,2.71,2.65,2.71,2.63,357553.3
2024-12-26,2.65,2.64,2.7,2.64,338255.35
2024-12-27,2.64,2.49,2.65,2.45,2513926.61
2024-12-30,2.46,2.38,2.46,2.35,1662625.0
2024-12-31,2.34,2.27,2.39,2.26,1527449.31
2025-01-02,2.26,2.29,2.36,2.26,1711933.3
2025-01-03,2.29,2.28,2.35,2.25,1676476.4
2025-01-06,2.29,2.23,2.3,2.21,1338035.0
2025-01-07,2.23,2.28,2.29,2.21,930787.6
2025-01-08,2.28,2.28,2.32,2.21,1129350.0
2025-01-09,2.25,2.26,2.28,2.23,699408.0
2025-01-10,2.25,2.19,2.27,2.18,876979.0
2025-01-13,2.21,2.25,2.27,2.2,1458868.14
2025-01-14,2.22,2.32,2.32,2.22,2080491.66
2025-01-15,2.3,2.26,2.31,2.23,1867755.14
2025-01-16,2.28,2.3,2.34,2.27,2288890.14
2025-01-17,2.28,2.26,2.29,2.23,1618562.0
2025-01-20,2.27,2.24,2.28,2.22,1445454.41
2025-01-21,2.23,2.18,2.23,2.16,1480857.02
2025-01-22,2.17,2.12,2.17,2.12,1156314.0
2025-01-23,2.14,2.12,2.18,2.11,1208626.6
2025-01-24,2.1,2.15,2.16,2.08,1337074.01
2025-01-27,2.18,2.15,2.23,2.14,1312709.67
2025-02-05,2.16,2.15,2.17,2.13,853910.44
2025-02-06,2.15,2.18,2.18,2.12,995609.3
2025-02-07,2.17,2.21,2.24,2.17,1593603.9
2025-02-10,2.21,2.25,2.26,2.21,1190004.63
2025-02-11,2.26,2.23,2.27,2.21,886782.9
2025-02-12,2.23,2.23,2.25,2.19,949392.4
2025-02-13,2.22,2.24,2.27,2.21,1403122.62
2025-02-14,2.23,2.22,2.25,2.2,950544.41
2025-02-17,2.21,2.23,2.25,2.19,1278536.96
2025-02-18,2.23,2.17,2.24,2.17,1212686.3
2025-02-19,2.16,2.18,2.18,2.15,877778.0
2025-02-20,2.17,2.17,2.2,2.15,952841.87
2025-02-21,2.17,2.14,2.18,2.13,1019473.26
2025-02-24,2.12,2.16,2.17,2.12,1057388.31
2025-02-25,2.14,2.13,2.18,2.12,1055916.3
2025-02-26,2.13,2.17,2.17,2.13,1046523.74
2025-02-27,2.16,2.18,2.21,2.16,1359447.1
2025-02-28,2.17,2.24,2.3,2.17,2983747.83
2025-03-03,2.24,2.2,2.25,2.19,1661184.6
2025-03-04,2.18,2.16,2.19,2.14,1068606.01
2025-03-05,2.16,2.15,2.16,2.13,952058.08
2025-03-06,2.15,2.16,2.18,2.14,854301.25
2025-03-07,2.16,2.15,2.17,2.14,691205.01
2025-03-10,2.15,2.17,2.17,2.14,609721.5
2025-03-11,2.15,2.16,2.18,2.14,691953.57
2025-03-12,2.16,2.15,2.17,2.14,731417.93
2025-03-13,2.15,2.16,2.17,2.14,828457.28
2025-03-14,2.17,2.21,2.23,2.16,1555944.15
2025-03-17,2.21,2.23,2.28,2.2,1676809.31
2025-03-18,2.23,2.24,2.24,2.2,845969.21
2025-03-19,2.23,2.24,2.26,2.22,1013341.63
2025-03-20,2.24,2.31,2.41,2.23,2790740.02
2025-03-21,2.31,2.54,2.54,2.31,5203958.64
2025-03-24,2.54,2.42,2.55,2.38,5024622.02
2025-03-25,2.42,2.59,2.66,2.42,6086311.21
2025-03-26,2.53,2.51,2.54,2.47,3471254.13
2025-03-27,2.5,2.39,2.52,2.38,2591648.0
2025-03-28,2.38,2.31,2.39,2.31,1774925.77
2025-03-31,2.23,2.27,2.32,2.23,1653513.4
2025-04-01,2.3,2.35,2.44,2.3,2036059.04
2025-04-02,2.33,2.29,2.35,2.29,1201430.0
2025-04-03,2.26,2.31,2.33,2.25,1211172.0
2025-04-07,2.12,2.08,2.18,2.08,1837778.69
2025-04-08,2.08,2.11,2.13,2.05,1374926.76
2025-04-09,2.07,2.12,2.14,1.92,1795589.69
2025-04-10,2.15,2.14,2.18,2.13,1455733.85
2025-04-11,2.1,2.12,2.14,2.09,994481.39
2025-04-14,2.14,2.18,2.2,2.13,1302365.05
2025-04-15,2.17,2.16,2.17,2.14,691063.18
2025-04-16,2.15,2.11,2.15,2.09,800864.84
2025-04-17,2.1,2.12,2.14,2.1,569424.52
2025-04-18,2.14,2.13,2.15,2.11,617261.0
2025-04-21,2.12,2.14,2.15,2.1,822668.0
2025-04-22,2.13,2.12,2.14,2.11,730561.1
2025-04-23,2.13,2.12,2.14,2.11,683649.0
2025-04-24,2.11,2.08,2.12,2.08,936125.91
2025-04-25,2.09,2.1,2.12,2.08,800743.09
2025-04-28,2.1,2.05,2.1,2.05,880150.5
2025-04-29,2.05,2.04,2.06,2.03,736336.1
2025-04-30,2.04,2.05,2.08,2.04,546418.0
2025-05-06,2.05,2.09,2.09,2.04,779527.59
2025-05-07,2.1,2.11,2.12,2.09,733860.8
2025-05-08,2.1,2.12,2.13,2.09,751453.21
2025-05-09,2.13,2.1,2.17,2.09,980703.0
2025-05-12,2.1,2.11,2.11,2.09,573793.6
2025-05-13,2.12,2.12,2.15,2.11,790176.04
2025-05-14,2.13,2.14,2.14,2.11,720018.0
2025-05-15,2.12,2.11,2.15,2.11,733271.3
2025-05-16,2.11,2.1,2.12,2.09,566507.0
2025-05-19,2.1,2.13,2.14,2.09,683997.51
2025-05-20,2.13,2.12,2.13,2.11,466210.3
2025-05-21,2.13,2.16,2.22,2.13,1858937.14
2025-05-22,2.15,2.18,2.2,2.13,1369039.0
2025-05-23,2.18,2.13,2.21,2.12,1302882.9
2025-05-26,2.26,2.23,2.33,2.18,2629695.29
2025-05-27,2.2,2.18,2.22,2.17,1260896.6
2025-05-28,2.18,2.16,2.2,2.15,1015659.9
2025-05-29,2.16,2.17,2.18,2.14,777788.89
2025-05-30,2.17,2.19,2.21,2.15,1142032.13
2025-06-03,2.21,2.23,2.23,2.18,1160471.19
2025-06-04,2.23,2.21,2.23,2.2,929777.3
2025-06-05,2.21,2.19,2.22,2.17,762234.39
2025-06-06,2.19,2.2,2.21,2.18,824303.51
2025-06-09,2.21,2.2,2.22,2.19,834491.0
2025-06-10,2.21,2.17,2.21,2.14,1024816.9
2025-06-11,2.16,2.17,2.19,2.16,714207.3
2025-06-12,2.21,2.21,2.27,2.2,1683209.51
2025-06-13,2.39,2.43,2.43,2.32,5688930.23
2025-06-16,2.62,2.67,2.67,2.49,8368222.34
2025-06-17,2.55,2.62,2.77,2.5,8279942.2
2025-06-18,2.7,2.58,2.72,2.53,5815761.68
2025-06-19,2.51,2.72,2.83,2.43,7758000.67
2025-06-20,2.62,2.55,2.68,2.53,4575747.07
2025-06-23,2.68,2.67,2.75,2.62,5642939.12
2025-06-24,2.4,2.4,2.49,2.4,5868235.0
2025-06-25,2.32,2.36,2.38,2.3,3818534.44
2025-06-26,2.34,2.4,2.45,2.31,4173702.25
2025-06-27,2.34,2.32,2.35,2.31,2399833.3
2025-06-30,2.32,2.35,2.36,2.31,2274285.6
2025-07-01,2.34,2.36,2.38,2.32,1886687.01
2025-07-02,2.36,2.38,2.4,2.34,2423413.95
2025-07-03,2.39,2.35,2.41,2.34,1665443.51
2025-07-04,2.34,2.34,2.37,2.33,1474925.84
2025-07-07,2.34,2.37,2.4,2.3,2094400.34
2025-07-08,2.36,2.38,2.38,2.35,1404381.73
2025-07-09,2.38,2.36,2.39,2.35,1224278.0
2025-07-10,2.36,2.37,2.38,2.35,1211694.63
2025-07-11,2.37,2.39,2.43,2.36,1817701.7
2025-07-14,2.39,2.37,2.45,2.36,2160467.55
2025-07-15,2.36,2.3,2.37,2.29,1866928.6
2025-07-16,2.31,2.32,2.32,2.29,757663.24
2025-07-17,2.31,2.34,2.35,2.3,1230616.3
2025-07-18,2.34,2.34,2.36,2.32,928476.05
2025-07-21,2.33,2.37,2.37,2.33,1366220.01
2025-07-22,2.37,2.39,2.41,2.34,1823814.9
2025-07-23,2.39,2.37,2.41,2.36,1867707.82
2025-07-24,2.37,2.57,2.61,2.36,5697605.84
2025-07-25,2.52,2.44,2.53,2.43,3122872.0
2025-07-28,2.44,2.4,2.45,2.39,1515230.7
2025-07-29,2.41,2.42,2.44,2.39,1192960.96
2025-07-30,2.44,2.46,2.48,2.44,2386103.76
2025-07-31,2.44,2.39,2.45,2.38,1564695.99
2025-08-01,2.38,2.39,2.41,2.37,881002.1
2025-08-04,2.37,2.38,2.39,2.35,857199.47
2025-08-05,2.38,2.41,2.41,2.37,857231.0
2025-08-06,2.4,2.41,2.42,2.38,927809.63
2025-08-07,2.4,2.4,2.42,2.38,1076737.08
2025-08-08,2.4,2.43,2.46,2.39,1466286.46
2025-08-11,2.43,2.44,2.45,2.4,1219966.35
2025-08-12,2.44,2.43,2.45,2.42,855633.0
2025-08-13,2.42,2.42,2.43,2.4,1113553.5
2025-08-14,2.42,2.38,2.43,2.37,1300287.01
2025-08-15,2.38,2.41,2.42,2.37,1050161.44
2025-08-18,2.41,2.41,2.44,2.4,1211918.74
2025-08-19,2.41,2.39,2.42,2.39,1207428.41
2025-08-20,2.39,2.41,2.42,2.38,1192052.8
2025-08-21,2.41,2.41,2.45,2.4,2826964.7
2025-08-22,2.41,2.41,2.42,2.37,2169215.14
2025-08-25,2.4,2.43,2.44,2.39,2106529.86
2025-08-26,2.43,2.44,2.45,2.41,1640483.66
2025-08-27,2.43,2.36,2.44,2.35,2376388.9
2025-08-28,2.36,2.34,2.38,2.29,1955452.31
2025-08-29,2.34,2.34,2.37,2.33,1147743.37
2025-09-01,2.33,2.33,2.35,2.31,1082321.42
2025-09-02,2.33,2.32,2.35,2.3,1251436.86
2025-09-03,2.32,2.27,2.33,2.26,1250168.26
2025-09-04,2.26,2.27,2.29,2.24,1242503.17
2025-09-05,2.26,2.28,2.28,2.22,1121545.78
2025-09-08,2.27,2.3,2.3,2.26,1195157.85
2025-09-09,2.29,2.28,2.3,2.26,878613.24
2025-09-10,2.29,2.33,2.34,2.28,2012799.2
2025-09-11,2.32,2.32,2.33,2.28,1369693.34
2025-09-12,2.31,2.33,2.35,2.3,1690316.67
2025-09-15,2.34,2.37,2.39,2.33,1832931.64
2025-09-16,2.38,2.42,2.42,2.35,2023530.84
2025-09-17,2.42,2.41,2.43,2.39,1383767.77
2025-09-18,2.4,2.38,2.45,2.36,2241170.4
2025-09-19,2.38,2.33,2.41,2.31,1618648.66
2025-09-22,2.32,2.29,2.33,2.27,1086133.9
2025-09-23,2.3,2.24,2.3,2.22,1466700.4
2025-09-24,2.26,2.28,2.32,2.25,1378154.46
2025-09-25,2.27,2.28,2.34,2.25,1391854.93
2025-09-26,2.28,2.27,2.32,2.27,1288999.8
2025-09-29,2.27,2.28,2.28,2.23,1214638.8
2025-09-30,2.26,2.27,2.28,2.25,868231.87
